Time,Prediction,DKPrice,fold,week,Date
2024-01-01 00:00:00,"157,59707790837408","209,779999",1,1,2024-01-01
2024-01-01 01:00:00,"162,34623214606015","198,740005",1,1,2024-01-01
2024-01-01 02:00:00,"161,91144994499194","30,860001",1,1,2024-01-01
2024-01-01 03:00:00,"164,02554963080107","-0,22",1,1,2024-01-01
2024-01-01 04:00:00,"223,66885196075552","-0,15",1,1,2024-01-01
2024-01-01 05:00:00,"364,6574315375976","-0,37",1,1,2024-01-01
2024-01-01 06:00:00,"405,6055144066256","-0,15",1,1,2024-01-01
2024-01-01 07:00:00,"420,4600028751536","0,0",1,1,2024-01-01
2024-01-01 08:00:00,"457,5776192367759","0,6",1,1,2024-01-01
2024-01-01 09:00:00,"449,3548719878753","308,179993",1,1,2024-01-01
2024-01-01 10:00:00,"421,2490171792009","324,359985",1,1,2024-01-01
2024-01-01 11:00:00,"397,6492584140113","320,700012",1,1,2024-01-01
2024-01-01 12:00:00,"386,4670433785709","330,170013",1,1,2024-01-01
2024-01-01 13:00:00,"410,70408082434807","344,709991",1,1,2024-01-01
2024-01-01 14:00:00,"436,0560712581507","377,290009",1,1,2024-01-01
2024-01-01 15:00:00,"482,49143858483245","443,329987",1,1,2024-01-01
2024-01-01 16:00:00,"535,6390475411321","484,480011",1,1,2024-01-01
2024-01-01 17:00:00,"579,5011077128573","460,26001",1,1,2024-01-01
2024-01-01 18:00:00,"570,4844035594549","456,75",1,1,2024-01-01
2024-01-01 19:00:00,"496,87284642062616","447,059998",1,1,2024-01-01
2024-01-01 20:00:00,"430,4784189408531","409,420013",1,1,2024-01-01
2024-01-01 21:00:00,"400,2965661228074","355,220001",1,1,2024-01-01
2024-01-01 22:00:00,"363,3191586791213","265,019989",1,1,2024-01-01
2024-01-01 23:00:00,"346,78895673065074","228,039993",1,1,2024-01-01
2024-01-02 00:00:00,"336,7237351304162","149,619995",1,1,2024-01-02
2024-01-02 01:00:00,"333,3116603634576","231,320007",1,1,2024-01-02
2024-01-02 02:00:00,"352,6970349698577","137,089996",1,1,2024-01-02
2024-01-02 03:00:00,"362,8677974429371","82,599998",1,1,2024-01-02
2024-01-02 04:00:00,"375,6773419146627","102,730003",1,1,2024-01-02
2024-01-02 05:00:00,"433,8419216237432","355,070007",1,1,2024-01-02
2024-01-02 06:00:00,"481,3256764671322","433,119995",1,1,2024-01-02
2024-01-02 07:00:00,"575,6697567006632","489,549988",1,1,2024-01-02
2024-01-02 08:00:00,"562,7120120925406","482,549988",1,1,2024-01-02
2024-01-02 09:00:00,"542,4572720760642","514,22998",1,1,2024-01-02
2024-01-02 10:00:00,"511,17126476342384","548,219971",1,1,2024-01-02
2024-01-02 11:00:00,"501,40743131197763","582,659973",1,1,2024-01-02
2024-01-02 12:00:00,"507,2419059076912","587,960022",1,1,2024-01-02
2024-01-02 13:00:00,"513,8100585510008","590,719971",1,1,2024-01-02
2024-01-02 14:00:00,"539,4031513173943","596,080017",1,1,2024-01-02
2024-01-02 15:00:00,"659,2251781439355","607,26001",1,1,2024-01-02
2024-01-02 16:00:00,"668,8123131169725","603,23999",1,1,2024-01-02
2024-01-02 17:00:00,"626,3620355179039","558,72998",1,1,2024-01-02
2024-01-02 18:00:00,"581,3690040638833","470,98999",1,1,2024-01-02
2024-01-02 19:00:00,"549,7368943073556","425,73999",1,1,2024-01-02
2024-01-02 20:00:00,"506,1860521442387","349,549988",1,1,2024-01-02
2024-01-02 21:00:00,"495,29465094790527","298,190002",1,1,2024-01-02
2024-01-02 22:00:00,"465,94041841987513","162,589996",1,1,2024-01-02
2024-01-02 23:00:00,"415,3488837575745","7,75",1,1,2024-01-02
2024-01-03 00:00:00,"411,206783386441","-0,07",1,1,2024-01-03
2024-01-03 01:00:00,"418,7535639027373","0,0",1,1,2024-01-03
2024-01-03 02:00:00,"387,4033922421488","-0,07",1,1,2024-01-03
2024-01-03 03:00:00,"379,6832938841183","0,0",1,1,2024-01-03
2024-01-03 04:00:00,"399,64156018906647","0,15",1,1,2024-01-03
2024-01-03 05:00:00,"405,03837758570944","8,13",1,1,2024-01-03
2024-01-03 06:00:00,"508,0350773516317","302,600006",1,1,2024-01-03
2024-01-03 07:00:00,"589,3084974515964","444,399994",1,1,2024-01-03
2024-01-03 08:00:00,"625,9766230097633","451,850006",1,1,2024-01-03
2024-01-03 09:00:00,"616,7915678911464","424,940002",1,1,2024-01-03
2024-01-03 10:00:00,"597,0822654472479","409,209991",1,1,2024-01-03
2024-01-03 11:00:00,"584,3310283198068","445,820007",1,1,2024-01-03
2024-01-03 12:00:00,"585,5267466510388","438,809998",1,1,2024-01-03
2024-01-03 13:00:00,"599,879960011243","453,720001",1,1,2024-01-03
2024-01-03 14:00:00,"616,2471333652959","500,829987",1,1,2024-01-03
2024-01-03 15:00:00,"624,8159360886425","548,619995",1,1,2024-01-03
2024-01-03 16:00:00,"656,8676545689268","613,409973",1,1,2024-01-03
2024-01-03 17:00:00,"626,0082555496789","618,549988",1,1,2024-01-03
2024-01-03 18:00:00,"591,9169696592289","589,179993",1,1,2024-01-03
2024-01-03 19:00:00,"560,6560532433044","545,940002",1,1,2024-01-03
2024-01-03 20:00:00,"467,43018288619044","502,549988",1,1,2024-01-03
2024-01-03 21:00:00,"437,418947335612","484,579987",1,1,2024-01-03
2024-01-03 22:00:00,"353,7353488568108","433,290009",1,1,2024-01-03
2024-01-03 23:00:00,"278,93658774503746","427,329987",1,1,2024-01-03
2024-01-04 00:00:00,"268,74590063364","376,320007",1,1,2024-01-04
2024-01-04 01:00:00,"256,80496594554984","298,309998",1,1,2024-01-04
2024-01-04 02:00:00,"231,24489551400148","190,020004",1,1,2024-01-04
2024-01-04 03:00:00,"223,36625572406828","261,019989",1,1,2024-01-04
2024-01-04 04:00:00,"227,78221857447937","430,540009",1,1,2024-01-04
2024-01-04 05:00:00,"347,8867280791554","541,809998",1,1,2024-01-04
2024-01-04 06:00:00,"463,8056355727643","634,059998",1,1,2024-01-04
2024-01-04 07:00:00,"532,464719721907","682,169983",1,1,2024-01-04
2024-01-04 08:00:00,"501,94547673713663","702,530029",1,1,2024-01-04
2024-01-04 09:00:00,"483,2366478709139","683,210022",1,1,2024-01-04
2024-01-04 10:00:00,"479,1745742493547","671,429993",1,1,2024-01-04
2024-01-04 11:00:00,"442,89251774386497","643,609985",1,1,2024-01-04
2024-01-04 12:00:00,"453,932307474465","641,070007",1,1,2024-01-04
2024-01-04 13:00:00,"487,6063120136772","686,940002",1,1,2024-01-04
2024-01-04 14:00:00,"489,8991779316209","735,48999",1,1,2024-01-04
2024-01-04 15:00:00,"480,89039361110935","788,51001",1,1,2024-01-04
2024-01-04 16:00:00,"521,2634507542065","993,599976",1,1,2024-01-04
2024-01-04 17:00:00,"525,6120833208878","1078,77002",1,1,2024-01-04
2024-01-04 18:00:00,"506,7675885793689","932,22998",1,1,2024-01-04
2024-01-04 19:00:00,"436,66535644739974","772,549988",1,1,2024-01-04
2024-01-04 20:00:00,"382,7197907447195","745,859985",1,1,2024-01-04
2024-01-04 21:00:00,"372,18371850971533","707,450012",1,1,2024-01-04
2024-01-04 22:00:00,"254,8278002814708","662,47998",1,1,2024-01-04
2024-01-04 23:00:00,"236,75399389529233","642,059998",1,1,2024-01-04
2024-01-05 00:00:00,"228,89307110475403","600,51001",1,1,2024-01-05
2024-01-05 01:00:00,"228,24403418953773","574,409973",1,1,2024-01-05
2024-01-05 02:00:00,"214,20747567129936","546,059998",1,1,2024-01-05
2024-01-05 03:00:00,"201,51334954441597","552,330017",1,1,2024-01-05
2024-01-05 04:00:00,"217,7469997263125","567,099976",1,1,2024-01-05
2024-01-05 05:00:00,"256,4784484456048","604,169983",1,1,2024-01-05
2024-01-05 06:00:00,"381,7009458366205","648,919983",1,1,2024-01-05
2024-01-05 07:00:00,"425,475269462832","668,090027",1,1,2024-01-05
2024-01-05 08:00:00,"415,8101153479539","708,070007",1,1,2024-01-05
2024-01-05 09:00:00,"376,3162790538167","718,140015",1,1,2024-01-05
2024-01-05 10:00:00,"361,30075565244204","732,609985",1,1,2024-01-05
2024-01-05 11:00:00,"334,37057790400917","688,01001",1,1,2024-01-05
2024-01-05 12:00:00,"307,16564054187353","682,780029",1,1,2024-01-05
2024-01-05 13:00:00,"314,80299498093495","719,109985",1,1,2024-01-05
2024-01-05 14:00:00,"348,952668737212","746,26001",1,1,2024-01-05
2024-01-05 15:00:00,"394,6908267843708","768,039978",1,1,2024-01-05
2024-01-05 16:00:00,"432,5432792509463","800,929993",1,1,2024-01-05
2024-01-05 17:00:00,"435,94255529788506","808,909973",1,1,2024-01-05
2024-01-05 18:00:00,"378,3005693264783","775,419983",1,1,2024-01-05
2024-01-05 19:00:00,"334,40142221668873","746,559998",1,1,2024-01-05
2024-01-05 20:00:00,"323,1257026854107","702,549988",1,1,2024-01-05
2024-01-05 21:00:00,"355,0933036186509","708,0",1,1,2024-01-05
2024-01-05 22:00:00,"265,8199631910668","647,429993",1,1,2024-01-05
2024-01-05 23:00:00,"207,99089844184306","613,47998",1,1,2024-01-05
2024-01-06 00:00:00,"171,90611099261127","598,190002",1,1,2024-01-06
2024-01-06 01:00:00,"164,24890918647006","567,830017",1,1,2024-01-06
2024-01-06 02:00:00,"154,23412522933347","544,559998",1,1,2024-01-06
2024-01-06 03:00:00,"153,2129233005376","544,559998",1,1,2024-01-06
2024-01-06 04:00:00,"153,86907524811804","556,340027",1,1,2024-01-06
2024-01-06 05:00:00,"160,36598026979598","560,150024",1,1,2024-01-06
2024-01-06 06:00:00,"222,75225661624768","607,059998",1,1,2024-01-06
2024-01-06 07:00:00,"321,7890397992221","659,349976",1,1,2024-01-06
2024-01-06 08:00:00,"371,702165972687","687,909973",1,1,2024-01-06
2024-01-06 09:00:00,"369,9100752273483","725,72998",1,1,2024-01-06
2024-01-06 10:00:00,"361,7606145820388","749,070007",1,1,2024-01-06
2024-01-06 11:00:00,"350,7521944339418","739,599976",1,1,2024-01-06
2024-01-06 12:00:00,"364,52260582102167","710,210022",1,1,2024-01-06
2024-01-06 13:00:00,"388,09272762104064","690,299988",1,1,2024-01-06
2024-01-06 14:00:00,"400,531975789611","709,23999",1,1,2024-01-06
2024-01-06 15:00:00,"411,552048820805","744,75",1,1,2024-01-06
2024-01-06 16:00:00,"490,08931969502424","780,849976",1,1,2024-01-06
2024-01-06 17:00:00,"545,9885886487207","774,51001",1,1,2024-01-06
2024-01-06 18:00:00,"520,3576585878301","740,719971",1,1,2024-01-06
2024-01-06 19:00:00,"466,67956819149384","687,909973",1,1,2024-01-06
2024-01-06 20:00:00,"400,5949816453096","656,359985",1,1,2024-01-06
2024-01-06 21:00:00,"330,0589559762413","647,039978",1,1,2024-01-06
2024-01-06 22:00:00,"255,47980103958153","596,919983",1,1,2024-01-06
2024-01-06 23:00:00,"206,90116984441048","642,570007",1,1,2024-01-06
2024-01-07 00:00:00,"175,54422340769946","615,049988",1,1,2024-01-07
2024-01-07 01:00:00,"160,17330459074174","573,72998",1,1,2024-01-07
2024-01-07 02:00:00,"142,31622918921337","561,48999",1,1,2024-01-07
2024-01-07 03:00:00,"119,65785560759689","546,950012",1,1,2024-01-07
2024-01-07 04:00:00,"114,54098482219752","550,309998",1,1,2024-01-07
2024-01-07 05:00:00,"141,06937453521525","560,450012",1,1,2024-01-07
2024-01-07 06:00:00,"147,05921612771715","582,080017",1,1,2024-01-07
2024-01-07 07:00:00,"171,8260436318034","610,049988",1,1,2024-01-07
2024-01-07 08:00:00,"171,7931374593657","634,219971",1,1,2024-01-07
2024-01-07 09:00:00,"164,3770537026603","650,030029",1,1,2024-01-07
2024-01-07 10:00:00,"155,26166477968715","666,210022",1,1,2024-01-07
2024-01-07 11:00:00,"146,97667781520755","682,469971",1,1,2024-01-07
2024-01-07 12:00:00,"151,66173702109757","652,789978",1,1,2024-01-07
2024-01-07 13:00:00,"151,18976912504522","634,219971",1,1,2024-01-07
2024-01-07 14:00:00,"169,12200496854118","656,440002",1,1,2024-01-07
2024-01-07 15:00:00,"203,88788888277358","696,799988",1,1,2024-01-07
2024-01-07 16:00:00,"250,8479008677019","759,080017",1,1,2024-01-07
2024-01-07 17:00:00,"238,32993070071407","782,049988",1,1,2024-01-07
2024-01-07 18:00:00,"199,2068878329245","772,349976",1,1,2024-01-07
2024-01-07 19:00:00,"179,89872143316484","749,599976",1,1,2024-01-07
2024-01-07 20:00:00,"163,34812801478793","695,97998",1,1,2024-01-07
2024-01-07 21:00:00,"167,26759175150383","680,01001",1,1,2024-01-07
2024-01-07 22:00:00,"149,2205243705667","625,48999",1,1,2024-01-07
2024-01-07 23:00:00,"154,14610097055257","649,059998",1,1,2024-01-07
2024-01-08 00:00:00,"205,00567808619985","628,919983",1,2,2024-01-08
2024-01-08 01:00:00,"135,77893802033594","610,27002",1,2,2024-01-08
2024-01-08 02:00:00,"144,16424612325443","590,059998",1,2,2024-01-08
2024-01-08 03:00:00,"142,18309618894375","585,359985",1,2,2024-01-08
2024-01-08 04:00:00,"145,14112269117342","612,359985",1,2,2024-01-08
2024-01-08 05:00:00,"165,84744379521658","703,359985",1,2,2024-01-08
2024-01-08 06:00:00,"230,67515309564155","828,669983",1,2,2024-01-08
2024-01-08 07:00:00,"263,45403407776826","903,330017",1,2,2024-01-08
2024-01-08 08:00:00,"250,9481589694425","878,859985",1,2,2024-01-08
2024-01-08 09:00:00,"235,84646863608793","824,940002",1,2,2024-01-08
2024-01-08 10:00:00,"221,4793258976944","768,25",1,2,2024-01-08
2024-01-08 11:00:00,"205,85483428126167","712,309998",1,2,2024-01-08
2024-01-08 12:00:00,"205,68046355826746","701,349976",1,2,2024-01-08
2024-01-08 13:00:00,"217,71921774071703","763,25",1,2,2024-01-08
2024-01-08 14:00:00,"244,47548239175813","805,390015",1,2,2024-01-08
2024-01-08 15:00:00,"370,1985098829628","923,619995",1,2,2024-01-08
2024-01-08 16:00:00,"399,80338829771296","963,299988",1,2,2024-01-08
2024-01-08 17:00:00,"402,8265654041695","969,710022",1,2,2024-01-08
2024-01-08 18:00:00,"389,17790365727","910,859985",1,2,2024-01-08
2024-01-08 19:00:00,"347,51616769823255","851,859985",1,2,2024-01-08
2024-01-08 20:00:00,"309,04202465792207","766,97998",1,2,2024-01-08
2024-01-08 21:00:00,"306,2654569802512","745,719971",1,2,2024-01-08
2024-01-08 22:00:00,"235,03994795821916","682,400024",1,2,2024-01-08
2024-01-08 23:00:00,"206,42750544845177","657,710022",1,2,2024-01-08
2024-01-09 00:00:00,"175,7794110720813","649,359985",1,2,2024-01-09
2024-01-09 01:00:00,"184,98960923516955","634,140015",1,2,2024-01-09
2024-01-09 02:00:00,"178,92944145197157","627,719971",1,2,2024-01-09
2024-01-09 03:00:00,"177,09238123982337","639,51001",1,2,2024-01-09
2024-01-09 04:00:00,"195,2050036263749","666,070007",1,2,2024-01-09
2024-01-09 05:00:00,"319,45387442430075","809,530029",1,2,2024-01-09
2024-01-09 06:00:00,"369,07777305363396","925,539978",1,2,2024-01-09
2024-01-09 07:00:00,"392,9861522443469","994,030029",1,2,2024-01-09
2024-01-09 08:00:00,"386,93032888628886","902,039978",1,2,2024-01-09
2024-01-09 09:00:00,"382,46491774005074","844,450012",1,2,2024-01-09
2024-01-09 10:00:00,"385,1329562670246","789,169983",1,2,2024-01-09
2024-01-09 11:00:00,"384,1837339327207","747,690002",1,2,2024-01-09
2024-01-09 12:00:00,"380,1675751259429","752,159973",1,2,2024-01-09
2024-01-09 13:00:00,"387,5335102974344","827,289978",1,2,2024-01-09
2024-01-09 14:00:00,"443,8693063020826","890,780029",1,2,2024-01-09
2024-01-09 15:00:00,"520,6354451066732","953,820007",1,2,2024-01-09
2024-01-09 16:00:00,"552,8024707658392","1028,349976",1,2,2024-01-09
2024-01-09 17:00:00,"538,9510433477814","1028,050049",1,2,2024-01-09
2024-01-09 18:00:00,"503,5172285620972","973,070007",1,2,2024-01-09
2024-01-09 19:00:00,"468,5745654873099","897,039978",1,2,2024-01-09
2024-01-09 20:00:00,"406,92873772021153","833,179993",1,2,2024-01-09
2024-01-09 21:00:00,"385,45041106632715","792,150024",1,2,2024-01-09
2024-01-09 22:00:00,"319,9771649079332","724,340027",1,2,2024-01-09
2024-01-09 23:00:00,"244,96781426704172","665,900024",1,2,2024-01-09
2024-01-10 00:00:00,"254,71915973540592","647,039978",1,2,2024-01-10
2024-01-10 01:00:00,"256,2629993529037","646,809998",1,2,2024-01-10
2024-01-10 02:00:00,"236,4838519454133","642,039978",1,2,2024-01-10
2024-01-10 03:00:00,"216,84245487762828","643,599976",1,2,2024-01-10
2024-01-10 04:00:00,"236,83308727527657","664,109985",1,2,2024-01-10
2024-01-10 05:00:00,"307,14909711089246","812,0",1,2,2024-01-10
2024-01-10 06:00:00,"398,7281631732731","941,840027",1,2,2024-01-10
2024-01-10 07:00:00,"509,99271583774157","1053,630005",1,2,2024-01-10
2024-01-10 08:00:00,"509,8910660688344","972,419983",1,2,2024-01-10
2024-01-10 09:00:00,"497,93979592381356","884,190002",1,2,2024-01-10
2024-01-10 10:00:00,"481,93832975592113","813,869995",1,2,2024-01-10
2024-01-10 11:00:00,"477,40411477704845","762,26001",1,2,2024-01-10
2024-01-10 12:00:00,"468,21140451387623","787,609985",1,2,2024-01-10
2024-01-10 13:00:00,"500,9140994760983","842,059998",1,2,2024-01-10
2024-01-10 14:00:00,"538,7045559831699","923,27002",1,2,2024-01-10
2024-01-10 15:00:00,"559,5686062040146","1004,109985",1,2,2024-01-10
2024-01-10 16:00:00,"602,4646511015886","1072,349976",1,2,2024-01-10
2024-01-10 17:00:00,"598,2514520186638","1044,089966",1,2,2024-01-10
2024-01-10 18:00:00,"554,3482959407306","985,539978",1,2,2024-01-10
2024-01-10 19:00:00,"505,7125379055765","894,929993",1,2,2024-01-10
2024-01-10 20:00:00,"410,62832082604086","818,559998",1,2,2024-01-10
2024-01-10 21:00:00,"370,67870951421855","779,26001",1,2,2024-01-10
2024-01-10 22:00:00,"279,34102944783297","677,909973",1,2,2024-01-10
2024-01-10 23:00:00,"255,25601476534717","684,27002",1,2,2024-01-10
2024-01-11 00:00:00,"225,7011247524754","660,700012",1,2,2024-01-11
2024-01-11 01:00:00,"197,53296522531164","650,710022",1,2,2024-01-11
2024-01-11 02:00:00,"148,20967674417435","614,390015",1,2,2024-01-11
2024-01-11 03:00:00,"140,3227322328913","611,179993",1,2,2024-01-11
2024-01-11 04:00:00,"169,57910432372498","666,440002",1,2,2024-01-11
2024-01-11 05:00:00,"258,8993407307945","761,22998",1,2,2024-01-11
2024-01-11 06:00:00,"387,77545013563525","871,530029",1,2,2024-01-11
2024-01-11 07:00:00,"442,4475773464855","1051,569946",1,2,2024-01-11
2024-01-11 08:00:00,"431,42490505431147","963,27002",1,2,2024-01-11
2024-01-11 09:00:00,"400,88656278900424","847,590027",1,2,2024-01-11
2024-01-11 10:00:00,"363,8865604285571","794,119995",1,2,2024-01-11
2024-01-11 11:00:00,"342,1798512591369","741,169983",1,2,2024-01-11
2024-01-11 12:00:00,"277,079658701466","738,340027",1,2,2024-01-11
2024-01-11 13:00:00,"331,4468581180237","790,390015",1,2,2024-01-11
2024-01-11 14:00:00,"369,1569660809536","879,73999",1,2,2024-01-11
2024-01-11 15:00:00,"418,7529135315836","1024,349976",1,2,2024-01-11
2024-01-11 16:00:00,"536,5669240731548","1119,359985",1,2,2024-01-11
2024-01-11 17:00:00,"568,4817002802197","1019,429993",1,2,2024-01-11
2024-01-11 18:00:00,"523,4217846402549","986,76001",1,2,2024-01-11
2024-01-11 19:00:00,"436,6588148678192","879,140015",1,2,2024-01-11
2024-01-11 20:00:00,"393,62530632664243","799,419983",1,2,2024-01-11
2024-01-11 21:00:00,"373,464603287007","745,789978",1,2,2024-01-11
2024-01-11 22:00:00,"258,2756177007131","725,059998",1,2,2024-01-11
2024-01-11 23:00:00,"243,17546076228624","678,890015",1,2,2024-01-11
2024-01-12 00:00:00,"226,95979758522557","657,859985",1,2,2024-01-12
2024-01-12 01:00:00,"217,9310822275096","635,48999",1,2,2024-01-12
2024-01-12 02:00:00,"200,44426152563292","631,090027",1,2,2024-01-12
2024-01-12 03:00:00,"200,91207118115923","628,929993",1,2,2024-01-12
2024-01-12 04:00:00,"210,40947462621097","628,190002",1,2,2024-01-12
2024-01-12 05:00:00,"233,4685708206428","665,469971",1,2,2024-01-12
2024-01-12 06:00:00,"349,71500156398224","881,130005",1,2,2024-01-12
2024-01-12 07:00:00,"423,2461222003092","1049,51001",1,2,2024-01-12
2024-01-12 08:00:00,"437,8220182701812","1006,409973",1,2,2024-01-12
2024-01-12 09:00:00,"413,67555286315473","909,840027",1,2,2024-01-12
2024-01-12 10:00:00,"414,74268134599987","855,549988",1,2,2024-01-12
2024-01-12 11:00:00,"400,15916868683416","797,76001",1,2,2024-01-12
2024-01-12 12:00:00,"359,0248783605134","768,679993",1,2,2024-01-12
2024-01-12 13:00:00,"422,1313832314018","779,559998",1,2,2024-01-12
2024-01-12 14:00:00,"473,9064298462695","820,280029",1,2,2024-01-12
2024-01-12 15:00:00,"487,5869731583046","894,849976",1,2,2024-01-12
2024-01-12 16:00:00,"467,3834943170264","950,780029",1,2,2024-01-12
2024-01-12 17:00:00,"486,1860139384964","939,590027",1,2,2024-01-12
2024-01-12 18:00:00,"491,1188973928709","890,900024",1,2,2024-01-12
2024-01-12 19:00:00,"456,9917832464114","798,880005",1,2,2024-01-12
2024-01-12 20:00:00,"356,64249438331854","683,820007",1,2,2024-01-12
2024-01-12 21:00:00,"375,67706746941553","634,0",1,2,2024-01-12
2024-01-12 22:00:00,"311,73269403016786","615,140015",1,2,2024-01-12
2024-01-12 23:00:00,"235,73578611923023","544,869995",1,2,2024-01-12
2024-01-13 00:00:00,"218,5604295637665","558,140015",1,2,2024-01-13
2024-01-13 01:00:00,"215,31845619322877","549,200012",1,2,2024-01-13
2024-01-13 02:00:00,"211,7569196346545","532,190002",1,2,2024-01-13
2024-01-13 03:00:00,"214,40215263486664","538,679993",1,2,2024-01-13
2024-01-13 04:00:00,"214,40215263486664","512,51001",1,2,2024-01-13
2024-01-13 05:00:00,"210,90513133520486","486,040009",1,2,2024-01-13
2024-01-13 06:00:00,"281,1363901622867","510,869995",1,2,2024-01-13
2024-01-13 07:00:00,"357,0368236461363","500,799988",1,2,2024-01-13
2024-01-13 08:00:00,"407,4328679764909","546,659973",1,2,2024-01-13
2024-01-13 09:00:00,"414,92996725256415","537,039978",1,2,2024-01-13
2024-01-13 10:00:00,"431,07682481352515","529,289978",1,2,2024-01-13
2024-01-13 11:00:00,"432,4299690444407","521,609985",1,2,2024-01-13
2024-01-13 12:00:00,"433,55229296506445","474,779999",1,2,2024-01-13
2024-01-13 13:00:00,"458,66947105955717","506,390015",1,2,2024-01-13
2024-01-13 14:00:00,"508,49423100724204","511,609985",1,2,2024-01-13
2024-01-13 15:00:00,"553,7593880328125","527,789978",1,2,2024-01-13
2024-01-13 16:00:00,"622,3172816120201","553,450012",1,2,2024-01-13
2024-01-13 17:00:00,"611,5406698838541","565,299988",1,2,2024-01-13
2024-01-13 18:00:00,"571,9567349167871","550,460022",1,2,2024-01-13
2024-01-13 19:00:00,"517,1264968082161","544,799988",1,2,2024-01-13
2024-01-13 20:00:00,"465,48162755575055","528,909973",1,2,2024-01-13
2024-01-13 21:00:00,"423,55165613895247","479,470001",1,2,2024-01-13
2024-01-13 22:00:00,"343,560379382239","470,970001",1,2,2024-01-13
2024-01-13 23:00:00,"345,21444992733814","477,420013",1,2,2024-01-13
2024-01-14 00:00:00,"256,64431428144303","463,179993",1,2,2024-01-14
2024-01-14 01:00:00,"226,12006757422554","469,290009",1,2,2024-01-14
2024-01-14 02:00:00,"213,7598353456702","477,350006",1,2,2024-01-14
2024-01-14 03:00:00,"200,193441576302","482,269989",1,2,2024-01-14
2024-01-14 04:00:00,"190,43055682105103","486,220001",1,2,2024-01-14
2024-01-14 05:00:00,"205,16579800815015","501,950012",1,2,2024-01-14
2024-01-14 06:00:00,"210,78845990511778","534,390015",1,2,2024-01-14
2024-01-14 07:00:00,"226,85199963553998","572,280029",1,2,2024-01-14
2024-01-14 08:00:00,"248,9051942653175","605,090027",1,2,2024-01-14
2024-01-14 09:00:00,"252,77290595872594","601,289978",1,2,2024-01-14
2024-01-14 10:00:00,"252,77290595872597","610,309998",1,2,2024-01-14
2024-01-14 11:00:00,"252,77290595872597","599,5",1,2,2024-01-14
2024-01-14 12:00:00,"238,17036070094727","574,52002",1,2,2024-01-14
2024-01-14 13:00:00,"248,9051942653175","590,25",1,2,2024-01-14
2024-01-14 14:00:00,"259,0071771956054","613,890015",1,2,2024-01-14
2024-01-14 15:00:00,"302,3939979830906","645,960022",1,2,2024-01-14
2024-01-14 16:00:00,"369,9413085880104","685,030029",1,2,2024-01-14
2024-01-14 17:00:00,"368,04523875702006","705,76001",1,2,2024-01-14
2024-01-14 18:00:00,"274,0266908509343","635,809998",1,2,2024-01-14
2024-01-14 19:00:00,"273,521225543737","589,580017",1,2,2024-01-14
2024-01-14 20:00:00,"256,64829975804076","586,150024",1,2,2024-01-14
2024-01-14 21:00:00,"262,9253050200738","562,210022",1,2,2024-01-14
2024-01-14 22:00:00,"223,9652751869667","501,059998",1,2,2024-01-14
2024-01-14 23:00:00,"227,89113470619822","506,350006",1,2,2024-01-14
2024-01-15 00:00:00,"253,18755662284232","484,730011",1,3,2024-01-15
2024-01-15 01:00:00,"204,104527834856","476,820007",1,3,2024-01-15
2024-01-15 02:00:00,"177,62043975797133","462,649994",1,3,2024-01-15
2024-01-15 03:00:00,"178,21235356406348","462,649994",1,3,2024-01-15
2024-01-15 04:00:00,"203,43080852185008","516,419983",1,3,2024-01-15
2024-01-15 05:00:00,"234,2325847312083","596,219971",1,3,2024-01-15
2024-01-15 06:00:00,"275,21888978546673","625,22998",1,3,2024-01-15
2024-01-15 07:00:00,"356,7904512597424","740,52002",1,3,2024-01-15
2024-01-15 08:00:00,"336,1345092152528","747,900024",1,3,2024-01-15
2024-01-15 09:00:00,"285,9756339618862","707,549988",1,3,2024-01-15
2024-01-15 10:00:00,"273,1318009282133","673,099976",1,3,2024-01-15
2024-01-15 11:00:00,"265,1983546445636","625,369995",1,3,2024-01-15
2024-01-15 12:00:00,"257,64904108737045","612,619995",1,3,2024-01-15
2024-01-15 13:00:00,"273,59909494165413","630,150024",1,3,2024-01-15
2024-01-15 14:00:00,"333,4850549992433","666,98999",1,3,2024-01-15
2024-01-15 15:00:00,"449,6764065895846","745,140015",1,3,2024-01-15
2024-01-15 16:00:00,"496,2472318220423","813,450012",1,3,2024-01-15
2024-01-15 17:00:00,"519,4438674176131","861,849976",1,3,2024-01-15
2024-01-15 18:00:00,"482,69603968947246","825,22998",1,3,2024-01-15
2024-01-15 19:00:00,"463,62438606098067","769,22998",1,3,2024-01-15
2024-01-15 20:00:00,"410,9000251634887","693,159973",1,3,2024-01-15
2024-01-15 21:00:00,"406,77704426952437","667,359985",1,3,2024-01-15
2024-01-15 22:00:00,"359,7335253757034","644,539978",1,3,2024-01-15
2024-01-15 23:00:00,"336,9177262796056","607,469971",1,3,2024-01-15
2024-01-16 00:00:00,"281,85574049131077","607,099976",1,3,2024-01-16
2024-01-16 01:00:00,"309,5569190375677","597,179993",1,3,2024-01-16
2024-01-16 02:00:00,"264,508480566244","583,679993",1,3,2024-01-16
2024-01-16 03:00:00,"253,87404623744595","578,679993",1,3,2024-01-16
2024-01-16 04:00:00,"271,0265818564369","622,390015",1,3,2024-01-16
2024-01-16 05:00:00,"404,54848723386147","701,590027",1,3,2024-01-16
2024-01-16 06:00:00,"471,51265754192104","855,97998",1,3,2024-01-16
2024-01-16 07:00:00,"496,1965013098399","1119,849976",1,3,2024-01-16
2024-01-16 08:00:00,"481,74623029492926","1121,119995",1,3,2024-01-16
2024-01-16 09:00:00,"472,3209417855529","1039,670044",1,3,2024-01-16
2024-01-16 10:00:00,"464,9664274714254","871,940002",1,3,2024-01-16
2024-01-16 11:00:00,"465,39748651514856","771,400024",1,3,2024-01-16
2024-01-16 12:00:00,"468,60998176119625","708,380005",1,3,2024-01-16
2024-01-16 13:00:00,"481,39342900692714","715,98999",1,3,2024-01-16
2024-01-16 14:00:00,"521,3592029006913","822,27002",1,3,2024-01-16
2024-01-16 15:00:00,"630,0993901895029","830,77002",1,3,2024-01-16
2024-01-16 16:00:00,"667,5899222754671","955,77002",1,3,2024-01-16
2024-01-16 17:00:00,"653,5356505564995","949,5",1,3,2024-01-16
2024-01-16 18:00:00,"604,8546503835786","833,599976",1,3,2024-01-16
2024-01-16 19:00:00,"557,0317182857506","712,179993",1,3,2024-01-16
2024-01-16 20:00:00,"500,99224436265666","642,969971",1,3,2024-01-16
2024-01-16 21:00:00,"469,31182626241093","611,869995",1,3,2024-01-16
2024-01-16 22:00:00,"413,82702845182826","579,429993",1,3,2024-01-16
2024-01-16 23:00:00,"344,83890905944827","506,070007",1,3,2024-01-16
2024-01-17 00:00:00,"365,6675450048275","502,269989",1,3,2024-01-17
2024-01-17 01:00:00,"371,8796545395112","495,779999",1,3,2024-01-17
2024-01-17 02:00:00,"362,77524192455303","489,220001",1,3,2024-01-17
2024-01-17 03:00:00,"363,02698412670753","487,429993",1,3,2024-01-17
2024-01-17 04:00:00,"384,77731472845625","487,209991",1,3,2024-01-17
2024-01-17 05:00:00,"437,92058894282354","499,209991",1,3,2024-01-17
2024-01-17 06:00:00,"577,4448960754147","591,23999",1,3,2024-01-17
2024-01-17 07:00:00,"669,7966968869852","715,929993",1,3,2024-01-17
2024-01-17 08:00:00,"663,9135312774301","767,159973",1,3,2024-01-17
2024-01-17 09:00:00,"617,9039181095784","797,289978",1,3,2024-01-17
2024-01-17 10:00:00,"593,7556162253267","802,890015",1,3,2024-01-17
2024-01-17 11:00:00,"563,6244517026148","877,840027",1,3,2024-01-17
2024-01-17 12:00:00,"577,0286494642681","907,590027",1,3,2024-01-17
2024-01-17 13:00:00,"612,4734590744646","907,890015",1,3,2024-01-17
2024-01-17 14:00:00,"658,0475360153142","935,630005",1,3,2024-01-17
2024-01-17 15:00:00,"696,6715970530134","958,75",1,3,2024-01-17
2024-01-17 16:00:00,"756,6612830246129","1047,939941",1,3,2024-01-17
2024-01-17 17:00:00,"737,9256481841818","921,690002",1,3,2024-01-17
2024-01-17 18:00:00,"681,7098479508348","852,26001",1,3,2024-01-17
2024-01-17 19:00:00,"616,5314560466594","818,849976",1,3,2024-01-17
2024-01-17 20:00:00,"505,93686492958227","753,890015",1,3,2024-01-17
2024-01-17 21:00:00,"461,5260790597968","703,099976",1,3,2024-01-17
2024-01-17 22:00:00,"382,22204084724007","627,710022",1,3,2024-01-17
2024-01-17 23:00:00,"391,79596183856506","606,580017",1,3,2024-01-17
2024-01-18 00:00:00,"350,2193118552973","575,780029",1,3,2024-01-18
2024-01-18 01:00:00,"322,9653191830107","561,530029",1,3,2024-01-18
2024-01-18 02:00:00,"266,93253414081994","558,700012",1,3,2024-01-18
2024-01-18 03:00:00,"311,34494024414784","578,539978",1,3,2024-01-18
2024-01-18 04:00:00,"365,4607563630541","604,119995",1,3,2024-01-18
2024-01-18 05:00:00,"441,595722226938","680,570007",1,3,2024-01-18
2024-01-18 06:00:00,"544,5674320450009","831,969971",1,3,2024-01-18
2024-01-18 07:00:00,"671,5835266796552","938,919983",1,3,2024-01-18
2024-01-18 08:00:00,"654,2021705577591","911,179993",1,3,2024-01-18
2024-01-18 09:00:00,"583,7602209156507","827,119995",1,3,2024-01-18
2024-01-18 10:00:00,"523,2295186170319","805,119995",1,3,2024-01-18
2024-01-18 11:00:00,"485,0812713164639","697,719971",1,3,2024-01-18
2024-01-18 12:00:00,"481,39342900692714","653,48999",1,3,2024-01-18
2024-01-18 13:00:00,"537,732050085612","644,619995",1,3,2024-01-18
2024-01-18 14:00:00,"580,1397756938115","702,940002",1,3,2024-01-18
2024-01-18 15:00:00,"675,2020975061839","742,25",1,3,2024-01-18
2024-01-18 16:00:00,"823,435869266688","780,72998",1,3,2024-01-18
2024-01-18 17:00:00,"811,2458764052687","770,140015",1,3,2024-01-18
2024-01-18 18:00:00,"735,5772457928003","705,030029",1,3,2024-01-18
2024-01-18 19:00:00,"596,8635941260334","648,650024",1,3,2024-01-18
2024-01-18 20:00:00,"548,6290026443774","605,090027",1,3,2024-01-18
2024-01-18 21:00:00,"536,7689286889977","577,48999",1,3,2024-01-18
2024-01-18 22:00:00,"480,11202675334766","532,0",1,3,2024-01-18
2024-01-18 23:00:00,"464,51956560209976","510,089996",1,3,2024-01-18
2024-01-19 00:00:00,"438,80966461456404","487,269989",1,3,2024-01-19
2024-01-19 01:00:00,"428,7946367876165","477,649994",1,3,2024-01-19
2024-01-19 02:00:00,"425,59271532027867","468,029999",1,3,2024-01-19
2024-01-19 03:00:00,"423,48733246662204","472,209991",1,3,2024-01-19
2024-01-19 04:00:00,"425,01093593075404","491,079987",1,3,2024-01-19
2024-01-19 05:00:00,"458,0878699998931","564,830017",1,3,2024-01-19
2024-01-19 06:00:00,"516,1309007498093","639,330017",1,3,2024-01-19
2024-01-19 07:00:00,"583,4653542325036","776,030029",1,3,2024-01-19
2024-01-19 08:00:00,"571,985312003102","767,0",1,3,2024-01-19
2024-01-19 09:00:00,"545,6088648814564","709,580017",1,3,2024-01-19
2024-01-19 10:00:00,"538,7205106211856","644,030029",1,3,2024-01-19
2024-01-19 11:00:00,"499,4204748633069","572,960022",1,3,2024-01-19
2024-01-19 12:00:00,"486,15827406263287","547,01001",1,3,2024-01-19
2024-01-19 13:00:00,"511,37219919545095","560,880005",1,3,2024-01-19
2024-01-19 14:00:00,"549,5074072067155","577,580017",1,3,2024-01-19
2024-01-19 15:00:00,"580,7836589906317","631,570007",1,3,2024-01-19
2024-01-19 16:00:00,"723,3082544420342","698,02002",1,3,2024-01-19
2024-01-19 17:00:00,"719,8321942796013","656,630005",1,3,2024-01-19
2024-01-19 18:00:00,"620,3281997624431","576,98999",1,3,2024-01-19
2024-01-19 19:00:00,"547,0682338295055","551,849976",1,3,2024-01-19
2024-01-19 20:00:00,"497,8493669865078","530,380005",1,3,2024-01-19
2024-01-19 21:00:00,"520,950293376759","511,880005",1,3,2024-01-19
2024-01-19 22:00:00,"477,37043153338726","482,869995",1,3,2024-01-19
2024-01-19 23:00:00,"437,3061465445295","492,200012",1,3,2024-01-19
2024-01-20 00:00:00,"429,4522292234676","473,179993",1,3,2024-01-20
2024-01-20 01:00:00,"430,1949520626317","473,850006",1,3,2024-01-20
2024-01-20 02:00:00,"424,3497381680882","461,019989",1,3,2024-01-20
2024-01-20 03:00:00,"407,2701161253658","461,25",1,3,2024-01-20
2024-01-20 04:00:00,"399,2221503130786","460,5",1,3,2024-01-20
2024-01-20 05:00:00,"386,8219141716781","466,769989",1,3,2024-01-20
2024-01-20 06:00:00,"448,3920736718808","498,910004",1,3,2024-01-20
2024-01-20 07:00:00,"492,33927337862815","557,969971",1,3,2024-01-20
2024-01-20 08:00:00,"484,713427500183","580,940002",1,3,2024-01-20
2024-01-20 09:00:00,"489,6071956482649","535,450012",1,3,2024-01-20
2024-01-20 10:00:00,"485,27824725570616","527,77002",1,3,2024-01-20
2024-01-20 11:00:00,"484,0128437797162","505,100006",1,3,2024-01-20
2024-01-20 12:00:00,"473,04616001460977","512,929993",1,3,2024-01-20
2024-01-20 13:00:00,"503,8940182018077","547,309998",1,3,2024-01-20
2024-01-20 14:00:00,"545,9503527756435","589,960022",1,3,2024-01-20
2024-01-20 15:00:00,"602,0595976620069","654,77002",1,3,2024-01-20
2024-01-20 16:00:00,"643,4133835260205","707,940002",1,3,2024-01-20
2024-01-20 17:00:00,"636,2198937622055","744,780029",1,3,2024-01-20
2024-01-20 18:00:00,"600,787233627928","682,880005",1,3,2024-01-20
2024-01-20 19:00:00,"559,0265999762811","596,599976",1,3,2024-01-20
2024-01-20 20:00:00,"534,5975636711482","547,309998",1,3,2024-01-20
2024-01-20 21:00:00,"497,92752881302164","525,159973",1,3,2024-01-20
2024-01-20 22:00:00,"465,3461663151379","499,579987",1,3,2024-01-20
2024-01-20 23:00:00,"474,3547809455917","445,26001",1,3,2024-01-20
2024-01-21 00:00:00,"420,0584552662406","429,230011",1,3,2024-01-21
2024-01-21 01:00:00,"395,61373222776206","411,329987",1,3,2024-01-21
2024-01-21 02:00:00,"394,4623166313299","379,549988",1,3,2024-01-21
2024-01-21 03:00:00,"394,2519376888463","361,799988",1,3,2024-01-21
2024-01-21 04:00:00,"394,8289187081797","353,899994",1,3,2024-01-21
2024-01-21 05:00:00,"397,74208739037624","339,579987",1,3,2024-01-21
2024-01-21 06:00:00,"402,2124833560652","327,869995",1,3,2024-01-21
2024-01-21 07:00:00,"434,4168697207882","383,059998",1,3,2024-01-21
2024-01-21 08:00:00,"444,79775982173305","405,429993",1,3,2024-01-21
2024-01-21 09:00:00,"468,86703022369795","343,529999",1,3,2024-01-21
2024-01-21 10:00:00,"468,7582881041248","363,0",1,3,2024-01-21
2024-01-21 11:00:00,"463,59827376805987","287,0",1,3,2024-01-21
2024-01-21 12:00:00,"480,9454606870743","281,100006",1,3,2024-01-21
2024-01-21 13:00:00,"453,87116386251313","330,399994",1,3,2024-01-21
2024-01-21 14:00:00,"477,2850421102513","365,76001",1,3,2024-01-21
2024-01-21 15:00:00,"500,33583511791784","371,649994",1,3,2024-01-21
2024-01-21 16:00:00,"530,6723787161716","422,51001",1,3,2024-01-21
2024-01-21 17:00:00,"555,6471405755761","458,309998",1,3,2024-01-21
2024-01-21 18:00:00,"505,5003767813363","437,359985",1,3,2024-01-21
2024-01-21 19:00:00,"482,86890021048544","384,100006",1,3,2024-01-21
2024-01-21 20:00:00,"452,70587171018894","391,26001",1,3,2024-01-21
2024-01-21 21:00:00,"451,99679636230326","375,829987",1,3,2024-01-21
2024-01-21 22:00:00,"412,7905223227226","294,309998",1,3,2024-01-21
2024-01-21 23:00:00,"419,9425010239676","273,420013",1,3,2024-01-21
2024-01-22 00:00:00,"397,1400593274196","165,869995",1,4,2024-01-22
2024-01-22 01:00:00,"392,30778949580616","138,869995",1,4,2024-01-22
2024-01-22 02:00:00,"383,23560277005885","37,59",1,4,2024-01-22
2024-01-22 03:00:00,"380,79083631958895","37,740002",1,4,2024-01-22
2024-01-22 04:00:00,"396,66806064080964","149,169998",1,4,2024-01-22
2024-01-22 05:00:00,"428,05478182385946","302,059998",1,4,2024-01-22
2024-01-22 06:00:00,"483,4950195317186","451,01001",1,4,2024-01-22
2024-01-22 07:00:00,"526,5942722468794","495,829987",1,4,2024-01-22
2024-01-22 08:00:00,"541,2471244433425","429,450012",1,4,2024-01-22
2024-01-22 09:00:00,"516,4731159775614","459,059998",1,4,2024-01-22
2024-01-22 10:00:00,"483,4274343095535","451,970001",1,4,2024-01-22
2024-01-22 11:00:00,"468,7582881041248","424,529999",1,4,2024-01-22
2024-01-22 12:00:00,"454,82473490975826","423,040009",1,4,2024-01-22
2024-01-22 13:00:00,"480,48750695528304","434,299988",1,4,2024-01-22
2024-01-22 14:00:00,"506,11063995486523","445,48999",1,4,2024-01-22
2024-01-22 15:00:00,"641,0695794264594","447,429993",1,4,2024-01-22
2024-01-22 16:00:00,"703,8136419959665","461,299988",1,4,2024-01-22
2024-01-22 17:00:00,"730,8938209078239","455,179993",1,4,2024-01-22
2024-01-22 18:00:00,"703,1383484646161","447,720001",1,4,2024-01-22
2024-01-22 19:00:00,"654,8808787687632","444,519989",1,4,2024-01-22
2024-01-22 20:00:00,"591,6976053836712","425,119995",1,4,2024-01-22
2024-01-22 21:00:00,"574,7061605415954","416,850006",1,4,2024-01-22
2024-01-22 22:00:00,"527,1922901758014","372,019989",1,4,2024-01-22
2024-01-22 23:00:00,"495,79421161192425","121,040001",1,4,2024-01-22
2024-01-23 00:00:00,"472,505195702243","75,330002",1,4,2024-01-23
2024-01-23 01:00:00,"482,75126889955783","69,879997",1,4,2024-01-23
2024-01-23 02:00:00,"457,1796221801041","31,1",1,4,2024-01-23
2024-01-23 03:00:00,"440,6496643454801","76,220001",1,4,2024-01-23
2024-01-23 04:00:00,"466,1100694346866","292,579987",1,4,2024-01-23
2024-01-23 05:00:00,"585,6882574022985","439,940002",1,4,2024-01-23
2024-01-23 06:00:00,"726,1721297318724","454,410004",1,4,2024-01-23
2024-01-23 07:00:00,"896,2845425534265","461,649994",1,4,2024-01-23
2024-01-23 08:00:00,"804,795168148588","455,76001",1,4,2024-01-23
2024-01-23 09:00:00,"766,432585419198","447,25",1,4,2024-01-23
2024-01-23 10:00:00,"718,9921256851514","443,299988",1,4,2024-01-23
2024-01-23 11:00:00,"703,5561587432775","441,059998",1,4,2024-01-23
2024-01-23 12:00:00,"694,092684357082","443,230011",1,4,2024-01-23
2024-01-23 13:00:00,"703,3511458804692","461,649994",1,4,2024-01-23
2024-01-23 14:00:00,"740,7892687953511","468,059998",1,4,2024-01-23
2024-01-23 15:00:00,"789,4138345917777","494,390015",1,4,2024-01-23
2024-01-23 16:00:00,"847,3963362731316","510,570007",1,4,2024-01-23
2024-01-23 17:00:00,"829,0713451658556","498,040009",1,4,2024-01-23
2024-01-23 18:00:00,"765,5364671402439","472,390015",1,4,2024-01-23
2024-01-23 19:00:00,"670,9421882307122","450,910004",1,4,2024-01-23
2024-01-23 20:00:00,"605,286591030292","400,790009",1,4,2024-01-23
2024-01-23 21:00:00,"559,7703900425092","338,290009",1,4,2024-01-23
2024-01-23 22:00:00,"463,05776659183556","248,050003",1,4,2024-01-23
2024-01-23 23:00:00,"455,66997380777485","22,74",1,4,2024-01-23
2024-01-24 00:00:00,"436,85936518842385","-0,22",1,4,2024-01-24
2024-01-24 01:00:00,"425,0596068667434","0,0",1,4,2024-01-24
2024-01-24 02:00:00,"418,65020751854007","-0,07",1,4,2024-01-24
2024-01-24 03:00:00,"415,88289271032414","-0,15",1,4,2024-01-24
2024-01-24 04:00:00,"440,8814123494162","-1,34",1,4,2024-01-24
2024-01-24 05:00:00,"470,90086928136486","110,07",1,4,2024-01-24
2024-01-24 06:00:00,"587,9746959292733","313,869995",1,4,2024-01-24
2024-01-24 07:00:00,"693,550832687244","373,380005",1,4,2024-01-24
2024-01-24 08:00:00,"718,2097764588787","369,429993",1,4,2024-01-24
2024-01-24 09:00:00,"700,3095809162634","373,600006",1,4,2024-01-24
2024-01-24 10:00:00,"676,7652046950567","378,670013",1,4,2024-01-24
2024-01-24 11:00:00,"669,5422054555473","293,209991",1,4,2024-01-24
2024-01-24 12:00:00,"673,8273271725425","271,73999",1,4,2024-01-24
2024-01-24 13:00:00,"707,0306465764428","335,869995",1,4,2024-01-24
2024-01-24 14:00:00,"754,0604913377061","372,480011",1,4,2024-01-24
2024-01-24 15:00:00,"826,0090909645176","378,820007",1,4,2024-01-24
2024-01-24 16:00:00,"883,4289866129117","404,25",1,4,2024-01-24
2024-01-24 17:00:00,"829,130078149973","397,609985",1,4,2024-01-24
2024-01-24 18:00:00,"810,7769370535415","373,529999",1,4,2024-01-24
2024-01-24 19:00:00,"759,7454450952956","314,540009",1,4,2024-01-24
2024-01-24 20:00:00,"676,8350068431203","298,579987",1,4,2024-01-24
2024-01-24 21:00:00,"644,5720267992562","313,269989",1,4,2024-01-24
2024-01-24 22:00:00,"581,6799628430551","287,320007",1,4,2024-01-24
2024-01-24 23:00:00,"555,948272530237","330,630005",1,4,2024-01-24
2024-01-25 00:00:00,"520,8164818986529","335,98999",1,4,2024-01-25
2024-01-25 01:00:00,"500,55354862640274","323,170013",1,4,2024-01-25
2024-01-25 02:00:00,"450,6403351146622","334,950012",1,4,2024-01-25
2024-01-25 03:00:00,"468,60054406406675","344,640015",1,4,2024-01-25
2024-01-25 04:00:00,"445,32935691109856","390,579987",1,4,2024-01-25
2024-01-25 05:00:00,"576,1927102814732","432,709991",1,4,2024-01-25
2024-01-25 06:00:00,"745,4565433093201","492,51001",1,4,2024-01-25
2024-01-25 07:00:00,"850,13102772784","663,789978",1,4,2024-01-25
2024-01-25 08:00:00,"836,0356900301001","635,679993",1,4,2024-01-25
2024-01-25 09:00:00,"775,3278094110497","606,599976",1,4,2024-01-25
2024-01-25 10:00:00,"735,8699254417135","568,340027",1,4,2024-01-25
2024-01-25 11:00:00,"680,0546387831054","545,450012",1,4,2024-01-25
2024-01-25 12:00:00,"670,9383254556733","566,630005",1,4,2024-01-25
2024-01-25 13:00:00,"700,0257392883562","633,659973",1,4,2024-01-25
2024-01-25 14:00:00,"751,1880637248738","686,530029",1,4,2024-01-25
2024-01-25 15:00:00,"856,0913410775356","755,950012",1,4,2024-01-25
2024-01-25 16:00:00,"956,5085036299056","920,0",1,4,2024-01-25
2024-01-25 17:00:00,"953,5602896098356","861,539978",1,4,2024-01-25
2024-01-25 18:00:00,"875,068835328938","736,640015",1,4,2024-01-25
2024-01-25 19:00:00,"769,9626168529007","679,070007",1,4,2024-01-25
2024-01-25 20:00:00,"716,8541295582722","643,580017",1,4,2024-01-25
2024-01-25 21:00:00,"681,2490462739229","599,73999",1,4,2024-01-25
2024-01-25 22:00:00,"647,8080947247386","560,440002",1,4,2024-01-25
2024-01-25 23:00:00,"612,7125666610798","468,200012",1,4,2024-01-25
2024-01-26 00:00:00,"583,2237487823468","461,940002",1,4,2024-01-26
2024-01-26 01:00:00,"564,8339113737032","436,070007",1,4,2024-01-26
2024-01-26 02:00:00,"548,9275148055568","408,480011",1,4,2024-01-26
2024-01-26 03:00:00,"555,8214366264032","355,029999",1,4,2024-01-26
2024-01-26 04:00:00,"567,6042424823803","377,619995",1,4,2024-01-26
2024-01-26 05:00:00,"631,2373345963653","419,519989",1,4,2024-01-26
2024-01-26 06:00:00,"716,5342371488471","469,470001",1,4,2024-01-26
2024-01-26 07:00:00,"847,8357696903225","484,149994",1,4,2024-01-26
2024-01-26 08:00:00,"808,5566338977558","475,660004",1,4,2024-01-26
2024-01-26 09:00:00,"768,6476690382478","456,420013",1,4,2024-01-26
2024-01-26 10:00:00,"732,6970787467776","437,929993",1,4,2024-01-26
2024-01-26 11:00:00,"713,3253545865498","389,769989",1,4,2024-01-26
2024-01-26 12:00:00,"707,3108711138192","346,450012",1,4,2024-01-26
2024-01-26 13:00:00,"709,9086165068383","367,399994",1,4,2024-01-26
2024-01-26 14:00:00,"726,4261159607701","373,589996",1,4,2024-01-26
2024-01-26 15:00:00,"745,5217373406874","393,200012",1,4,2024-01-26
2024-01-26 16:00:00,"801,3266931018298","427,720001",1,4,2024-01-26
2024-01-26 17:00:00,"810,0527383364197","412,140015",1,4,2024-01-26
2024-01-26 18:00:00,"782,4021383805973","406,540009",1,4,2024-01-26
2024-01-26 19:00:00,"716,5210828983198","404,980011",1,4,2024-01-26
2024-01-26 20:00:00,"654,1079656859197","405,200012",1,4,2024-01-26
2024-01-26 21:00:00,"628,1560376980115","405,5",1,4,2024-01-26
2024-01-26 22:00:00,"590,8007520003601","400,429993",1,4,2024-01-26
2024-01-26 23:00:00,"569,4853452676012","405,869995",1,4,2024-01-26
2024-01-27 00:00:00,"560,232104188881","410,26001",1,4,2024-01-27
2024-01-27 01:00:00,"549,2433642342967","419,059998",1,4,2024-01-27
2024-01-27 02:00:00,"536,5687539763991","410,410004",1,4,2024-01-27
2024-01-27 03:00:00,"523,7106510921012","415,559998",1,4,2024-01-27
2024-01-27 04:00:00,"515,58410631322","423,679993",1,4,2024-01-27
2024-01-27 05:00:00,"524,5219319217064","426,73999",1,4,2024-01-27
2024-01-27 06:00:00,"557,189423016197","431,359985",1,4,2024-01-27
2024-01-27 07:00:00,"591,0217365837599","433,380005",1,4,2024-01-27
2024-01-27 08:00:00,"605,0593341364091","436,130005",1,4,2024-01-27
2024-01-27 09:00:00,"601,477543723867","433,899994",1,4,2024-01-27
2024-01-27 10:00:00,"601,0885501206747","422,040009",1,4,2024-01-27
2024-01-27 11:00:00,"591,2881846206337","416,299988",1,4,2024-01-27
2024-01-27 12:00:00,"565,4331244642535","401,690002",1,4,2024-01-27
2024-01-27 13:00:00,"580,9906093739149","440,910004",1,4,2024-01-27
2024-01-27 14:00:00,"595,9789238491534","432,029999",1,4,2024-01-27
2024-01-27 15:00:00,"640,313406359383","439,339996",1,4,2024-01-27
2024-01-27 16:00:00,"673,3219261589173","460,359985",1,4,2024-01-27
2024-01-27 17:00:00,"677,3379206085589","457,079987",1,4,2024-01-27
2024-01-27 18:00:00,"654,8543847643157","443,070007",1,4,2024-01-27
2024-01-27 19:00:00,"607,270699567682","433,970001",1,4,2024-01-27
2024-01-27 20:00:00,"578,9237562088093","431,290009",1,4,2024-01-27
2024-01-27 21:00:00,"558,0285797758423","430,390015",1,4,2024-01-27
2024-01-27 22:00:00,"522,9030502496267","429,5",1,4,2024-01-27
2024-01-27 23:00:00,"527,3745745660801","497,75",1,4,2024-01-27
2024-01-28 00:00:00,"493,52287096480234","438,339996",1,4,2024-01-28
2024-01-28 01:00:00,"474,8076636941354","434,309998",1,4,2024-01-28
2024-01-28 02:00:00,"462,8310193974729","430,290009",1,4,2024-01-28
2024-01-28 03:00:00,"453,288269755917","431,399994",1,4,2024-01-28
2024-01-28 04:00:00,"452,91360882679214","429,609985",1,4,2024-01-28
2024-01-28 05:00:00,"462,4373284970549","430,290009",1,4,2024-01-28
2024-01-28 06:00:00,"471,6080921745971","439,679993",1,4,2024-01-28
2024-01-28 07:00:00,"504,6857858641514","441,320007",1,4,2024-01-28
2024-01-28 08:00:00,"528,8981382882301","410,609985",1,4,2024-01-28
2024-01-28 09:00:00,"528,9819767207205","381,380005",1,4,2024-01-28
2024-01-28 10:00:00,"537,5979013854404","341,049988",1,4,2024-01-28
2024-01-28 11:00:00,"517,4731619734401","309,970001",1,4,2024-01-28
2024-01-28 12:00:00,"494,4945364600595","298,859985",1,4,2024-01-28
2024-01-28 13:00:00,"507,53776878050246","377,579987",1,4,2024-01-28
2024-01-28 14:00:00,"530,9088976215976","420,519989",1,4,2024-01-28
2024-01-28 15:00:00,"568,4895079358095","431,850006",1,4,2024-01-28
2024-01-28 16:00:00,"613,7800696960734","431,329987",1,4,2024-01-28
2024-01-28 17:00:00,"639,9595722498101","427,380005",1,4,2024-01-28
2024-01-28 18:00:00,"608,9276445515831","422,01001",1,4,2024-01-28
2024-01-28 19:00:00,"571,7194363004019","405,089996",1,4,2024-01-28
2024-01-28 20:00:00,"552,4415912025148","400,98999",1,4,2024-01-28
2024-01-28 21:00:00,"528,8543084809336","400,390015",1,4,2024-01-28
2024-01-28 22:00:00,"465,14659513572934","392,790009",1,4,2024-01-28
2024-01-28 23:00:00,"471,608404019702","363,339996",1,4,2024-01-28
2024-04-01 00:00:00,"394,18791754347694","343,549988",2,1,2024-04-01
2024-04-01 01:00:00,"407,5928619964337","325,049988",2,1,2024-04-01
2024-04-01 02:00:00,"410,63507633589853","368,459991",2,1,2024-04-01
2024-04-01 03:00:00,"441,51375957733393","390,459991",2,1,2024-04-01
2024-04-01 04:00:00,"491,1886478563182","437,899994",2,1,2024-04-01
2024-04-01 05:00:00,"590,0547765581144","481,01001",2,1,2024-04-01
2024-04-01 06:00:00,"673,7541937702844","437,899994",2,1,2024-04-01
2024-04-01 07:00:00,"684,1184966619599","454,160004",2,1,2024-04-01
2024-04-01 08:00:00,"590,3910070408564","405,450012",2,1,2024-04-01
2024-04-01 09:00:00,"523,2155875830833","334,0",2,1,2024-04-01
2024-04-01 10:00:00,"477,1454537819489","363,609985",2,1,2024-04-01
2024-04-01 11:00:00,"465,9041949808753","262,470001",2,1,2024-04-01
2024-04-01 12:00:00,"480,1514942238338","253,740005",2,1,2024-04-01
2024-04-01 13:00:00,"484,38911547545314","325,799988",2,1,2024-04-01
2024-04-01 14:00:00,"533,9939701586854","331,170013",2,1,2024-04-01
2024-04-01 15:00:00,"596,7054698276432","304,089996",2,1,2024-04-01
2024-04-01 16:00:00,"687,249076604779","364,429993",2,1,2024-04-01
2024-04-01 17:00:00,"932,3866476946865","373,529999",2,1,2024-04-01
2024-04-01 18:00:00,"955,94110815069","381,290009",2,1,2024-04-01
2024-04-01 19:00:00,"737,1733095802265","365,399994",2,1,2024-04-01
2024-04-01 20:00:00,"591,3573579250786","305,809998",2,1,2024-04-01
2024-04-01 21:00:00,"574,1944331552114","221,0",2,1,2024-04-01
2024-04-01 22:00:00,"527,4185599577794","323,410004",2,1,2024-04-01
2024-04-01 23:00:00,"540,5255028978614","270,970001",2,1,2024-04-01
2024-04-02 00:00:00,"514,5793519820104","122,769997",2,1,2024-04-02
2024-04-02 01:00:00,"508,4029841583482","56,240002",2,1,2024-04-02
2024-04-02 02:00:00,"501,5624207525684","14,47",2,1,2024-04-02
2024-04-02 03:00:00,"501,883083272215","54,220001",2,1,2024-04-02
2024-04-02 04:00:00,"519,0945628631094","426,790009",2,1,2024-04-02
2024-04-02 05:00:00,"600,9635059432168","554,630005",2,1,2024-04-02
2024-04-02 06:00:00,"665,736238376263","514,130005",2,1,2024-04-02
2024-04-02 07:00:00,"652,2857884149947","350,410004",2,1,2024-04-02
2024-04-02 08:00:00,"561,4558993475193","285,589996",2,1,2024-04-02
2024-04-02 09:00:00,"496,2213715633498","293,130005",2,1,2024-04-02
2024-04-02 10:00:00,"447,04344049578276","298,869995",2,1,2024-04-02
2024-04-02 11:00:00,"391,0891685843354","325,420013",2,1,2024-04-02
2024-04-02 12:00:00,"412,0090430442969","248,970001",2,1,2024-04-02
2024-04-02 13:00:00,"437,8758185103853","187,210007",2,1,2024-04-02
2024-04-02 14:00:00,"516,4777301211175","65,860001",2,1,2024-04-02
2024-04-02 15:00:00,"594,6514181154022","309,23999",2,1,2024-04-02
2024-04-02 16:00:00,"679,47829791594","542,25",2,1,2024-04-02
2024-04-02 17:00:00,"861,9817839204384","711,48999",2,1,2024-04-02
2024-04-02 18:00:00,"872,6093488020726","707,679993",2,1,2024-04-02
2024-04-02 19:00:00,"718,5631172800095","582,75",2,1,2024-04-02
2024-04-02 20:00:00,"615,5094280557448","558,359985",2,1,2024-04-02
2024-04-02 21:00:00,"574,9374898907638","528,669983",2,1,2024-04-02
2024-04-02 22:00:00,"523,3578406219614","552,840027",2,1,2024-04-02
2024-04-02 23:00:00,"481,5719785015787","535,090027",2,1,2024-04-02
2024-04-03 00:00:00,"469,0905640941406","522,419983",2,1,2024-04-03
2024-04-03 01:00:00,"470,0496759047166","482,220001",2,1,2024-04-03
2024-04-03 02:00:00,"473,5045656602539","483,929993",2,1,2024-04-03
2024-04-03 03:00:00,"481,5946846067364","512,570007",2,1,2024-04-03
2024-04-03 04:00:00,"530,2764732854866","707,820007",2,1,2024-04-03
2024-04-03 05:00:00,"640,8903429316503","879,48999",2,1,2024-04-03
2024-04-03 06:00:00,"686,132388340733","879,48999",2,1,2024-04-03
2024-04-03 07:00:00,"654,3744488550917","753,080017",2,1,2024-04-03
2024-04-03 08:00:00,"524,3638840364259","800,590027",2,1,2024-04-03
2024-04-03 09:00:00,"480,9756755258389","677,23999",2,1,2024-04-03
2024-04-03 10:00:00,"462,98470641106695","611,76001",2,1,2024-04-03
2024-04-03 11:00:00,"453,14161835727083","573,349976",2,1,2024-04-03
2024-04-03 12:00:00,"462,6355113751727","544,710022",2,1,2024-04-03
2024-04-03 13:00:00,"472,1258943136889","438,290009",2,1,2024-04-03
2024-04-03 14:00:00,"517,0513768310228","454,700012",2,1,2024-04-03
2024-04-03 15:00:00,"576,8589741462158","524,359985",2,1,2024-04-03
2024-04-03 16:00:00,"634,5774877077548","633,909973",2,1,2024-04-03
2024-04-03 17:00:00,"863,7072888855203","794,919983",2,1,2024-04-03
2024-04-03 18:00:00,"841,683183628059","739,359985",2,1,2024-04-03
2024-04-03 19:00:00,"742,7054415790991","557,169983",2,1,2024-04-03
2024-04-03 20:00:00,"637,4964466922768","458,579987",2,1,2024-04-03
2024-04-03 21:00:00,"592,3607913536989","412,640015",2,1,2024-04-03
2024-04-03 22:00:00,"523,6699485108497","406,619995",2,1,2024-04-03
2024-04-03 23:00:00,"521,7514586663275","387,899994",2,1,2024-04-03
2024-04-04 00:00:00,"500,5386443977659","374,179993",2,1,2024-04-04
2024-04-04 01:00:00,"471,51140682836905","384,619995",2,1,2024-04-04
2024-04-04 02:00:00,"467,29458196319496","387,380005",2,1,2024-04-04
2024-04-04 03:00:00,"476,09606206286696","403,339996",2,1,2024-04-04
2024-04-04 04:00:00,"497,33834218271863","454,200012",2,1,2024-04-04
2024-04-04 05:00:00,"552,3076872348482","488,290009",2,1,2024-04-04
2024-04-04 06:00:00,"600,6160752279254","561,830017",2,1,2024-04-04
2024-04-04 07:00:00,"600,6795241468204","535,419983",2,1,2024-04-04
2024-04-04 08:00:00,"502,4528326442557","515,880005",2,1,2024-04-04
2024-04-04 09:00:00,"434,934073499648","470,309998",2,1,2024-04-04
2024-04-04 10:00:00,"391,4293743162203","433,170013",2,1,2024-04-04
2024-04-04 11:00:00,"330,60838993059605","419,299988",2,1,2024-04-04
2024-04-04 12:00:00,"279,5644706292786","413,850006",2,1,2024-04-04
2024-04-04 13:00:00,"317,85607492952244","418,929993",2,1,2024-04-04
2024-04-04 14:00:00,"345,70879352068704","425,709991",2,1,2024-04-04
2024-04-04 15:00:00,"432,1900732644834","515,210022",2,1,2024-04-04
2024-04-04 16:00:00,"577,2758453978173","562,049988",2,1,2024-04-04
2024-04-04 17:00:00,"669,2811490576672","674,820007",2,1,2024-04-04
2024-04-04 18:00:00,"644,0609498042672","520,580017",2,1,2024-04-04
2024-04-04 19:00:00,"555,138530410065","460,390015",2,1,2024-04-04
2024-04-04 20:00:00,"471,5439358867708","439,440002",2,1,2024-04-04
2024-04-04 21:00:00,"405,2425382246275","430,109985",2,1,2024-04-04
2024-04-04 22:00:00,"364,31700898130924","394,190002",2,1,2024-04-04
2024-04-04 23:00:00,"310,42814727133265","381,890015",2,1,2024-04-04
2024-04-05 00:00:00,"297,7485901965698","372,559998",2,1,2024-04-05
2024-04-05 01:00:00,"264,16114990174765","357,350006",2,1,2024-04-05
2024-04-05 02:00:00,"260,23591150370544","353,320007",2,1,2024-04-05
2024-04-05 03:00:00,"265,49689145067407","352,720001",2,1,2024-04-05
2024-04-05 04:00:00,"279,5568282910643","448,720001",2,1,2024-04-05
2024-04-05 05:00:00,"309,63630894168045","572,75",2,1,2024-04-05
2024-04-05 06:00:00,"371,8478331864664","596,700012",2,1,2024-04-05
2024-04-05 07:00:00,"374,60802113246945","504,130005",2,1,2024-04-05
2024-04-05 08:00:00,"325,08589316061335","376,660004",2,1,2024-04-05
2024-04-05 09:00:00,"306,07501778787207","339,670013",2,1,2024-04-05
2024-04-05 10:00:00,"270,29963203118297","331,390015",2,1,2024-04-05
2024-04-05 11:00:00,"253,07947252166338","298,570007",2,1,2024-04-05
2024-04-05 12:00:00,"245,35060203910666","276,48999",2,1,2024-04-05
2024-04-05 13:00:00,"274,10314023083083","176,699997",2,1,2024-04-05
2024-04-05 14:00:00,"335,27924260715815","60,34",2,1,2024-04-05
2024-04-05 15:00:00,"394,2294290029488","279,399994",2,1,2024-04-05
2024-04-05 16:00:00,"447,98120885733096","370,320007",2,1,2024-04-05
2024-04-05 17:00:00,"502,55144821978456","398,299988",2,1,2024-04-05
2024-04-05 18:00:00,"480,53230252850364","402,170013",2,1,2024-04-05
2024-04-05 19:00:00,"481,83312023306456","398,299988",2,1,2024-04-05
2024-04-05 20:00:00,"470,24776906732455","393,299988",2,1,2024-04-05
2024-04-05 21:00:00,"479,4918071358048","370,100006",2,1,2024-04-05
2024-04-05 22:00:00,"472,60064807096524","315,579987",2,1,2024-04-05
2024-04-05 23:00:00,"466,2146012589274","326,549988",2,1,2024-04-05
2024-04-06 00:00:00,"424,1247835990957","328,190002",2,1,2024-04-06
2024-04-06 01:00:00,"395,5551016564219","334,679993",2,1,2024-04-06
2024-04-06 02:00:00,"379,04570682539105","354,369995",2,1,2024-04-06
2024-04-06 03:00:00,"378,16381847142725","359,890015",2,1,2024-04-06
2024-04-06 04:00:00,"386,6680245507016","372,5",2,1,2024-04-06
2024-04-06 05:00:00,"386,9123245676165","382,339996",2,1,2024-04-06
2024-04-06 06:00:00,"370,1364242533387","374,660004",2,1,2024-04-06
2024-04-06 07:00:00,"321,4612187937239","359,890015",2,1,2024-04-06
2024-04-06 08:00:00,"262,9997074423832","219,440002",2,1,2024-04-06
2024-04-06 09:00:00,"220,0173544030275","34,310001",2,1,2024-04-06
2024-04-06 10:00:00,"175,48886148877864","123,07",2,1,2024-04-06
2024-04-06 11:00:00,"149,33239823986298","14,92",2,1,2024-04-06
2024-04-06 12:00:00,"71,99035469715454","0,3",2,1,2024-04-06
2024-04-06 13:00:00,"53,07295566591993","0,45",2,1,2024-04-06
2024-04-06 14:00:00,"174,67733020480398","0,75",2,1,2024-04-06
2024-04-06 15:00:00,"250,15241723415278","117,919998",2,1,2024-04-06
2024-04-06 16:00:00,"382,66724399085","393,079987",2,1,2024-04-06
2024-04-06 17:00:00,"419,92384142064117","380,100006",2,1,2024-04-06
2024-04-06 18:00:00,"449,6335678810324","349,670013",2,1,2024-04-06
2024-04-06 19:00:00,"491,4182133603254","326,029999",2,1,2024-04-06
2024-04-06 20:00:00,"464,3291589522773","295,73999",2,1,2024-04-06
2024-04-06 21:00:00,"450,1846359917388","188,410004",2,1,2024-04-06
2024-04-06 22:00:00,"400,48793307305357","81,82",2,1,2024-04-06
2024-04-06 23:00:00,"397,86031381624804","0,67",2,1,2024-04-06
2024-04-07 00:00:00,"353,58768515441255","0,0",2,1,2024-04-07
2024-04-07 01:00:00,"330,7064666239946","0,0",2,1,2024-04-07
2024-04-07 02:00:00,"344,99527612769106","0,0",2,1,2024-04-07
2024-04-07 03:00:00,"344,5229766015257","0,0",2,1,2024-04-07
2024-04-07 04:00:00,"363,5676795655369","0,0",2,1,2024-04-07
2024-04-07 05:00:00,"366,59453991608484","0,0",2,1,2024-04-07
2024-04-07 06:00:00,"327,86050046114474","0,0",2,1,2024-04-07
2024-04-07 07:00:00,"268,94603209202535","-0,07",2,1,2024-04-07
2024-04-07 08:00:00,"244,90407346827877","-1,19",2,1,2024-04-07
2024-04-07 09:00:00,"203,74514787839195","-22,450001",2,1,2024-04-07
2024-04-07 10:00:00,"170,04748770100323","-30,58",2,1,2024-04-07
2024-04-07 11:00:00,"151,82824559911546","-48,849998",2,1,2024-04-07
2024-04-07 12:00:00,"141,61906332871874","-74,589996",2,1,2024-04-07
2024-04-07 13:00:00,"167,9760021731117","-37,59",2,1,2024-04-07
2024-04-07 14:00:00,"264,73337115711644","-1,19",2,1,2024-04-07
2024-04-07 15:00:00,"395,4431079411243","31,92",2,1,2024-04-07
2024-04-07 16:00:00,"488,23105055825005","288,799988",2,1,2024-04-07
2024-04-07 17:00:00,"587,1150935817673","343,98999",2,1,2024-04-07
2024-04-07 18:00:00,"587,5806614807524","356,450012",2,1,2024-04-07
2024-04-07 19:00:00,"519,957630231708","359,579987",2,1,2024-04-07
2024-04-07 20:00:00,"495,91392879751174","340,779999",2,1,2024-04-07
2024-04-07 21:00:00,"467,7823441851739","318,859985",2,1,2024-04-07
2024-04-07 22:00:00,"437,75576420811274","308,339996",2,1,2024-04-07
2024-04-07 23:00:00,"425,77728530509665","295,140015",2,1,2024-04-07
2024-04-08 00:00:00,"373,64839617324884","292,079987",2,2,2024-04-08
2024-04-08 01:00:00,"395,71607881708144","312,290009",2,2,2024-04-08
2024-04-08 02:00:00,"411,84672557187827","328,480011",2,2,2024-04-08
2024-04-08 03:00:00,"439,081357871655","334,589996",2,2,2024-04-08
2024-04-08 04:00:00,"488,45046968035336","376,730011",2,2,2024-04-08
2024-04-08 05:00:00,"589,0588705161643","396,5",2,2,2024-04-08
2024-04-08 06:00:00,"651,5837278373533","432,600006",2,2,2024-04-08
2024-04-08 07:00:00,"599,9026255468036","603,25",2,2,2024-04-08
2024-04-08 08:00:00,"523,8703218956031","402,910004",2,2,2024-04-08
2024-04-08 09:00:00,"440,21284089113874","399,480011",2,2,2024-04-08
2024-04-08 10:00:00,"363,45468051944357","397,100006",2,2,2024-04-08
2024-04-08 11:00:00,"337,81468088559114","421,859985",2,2,2024-04-08
2024-04-08 12:00:00,"339,7267052644308","431,779999",2,2,2024-04-08
2024-04-08 13:00:00,"339,7267052644308","395,679993",2,2,2024-04-08
2024-04-08 14:00:00,"373,93351234913587","522,099976",2,2,2024-04-08
2024-04-08 15:00:00,"412,8499543847293","559,469971",2,2,2024-04-08
2024-04-08 16:00:00,"598,5579913811134","782,409973",2,2,2024-04-08
2024-04-08 17:00:00,"879,6412430745737","1024,069946",2,2,2024-04-08
2024-04-08 18:00:00,"811,7044806276276","930,830017",2,2,2024-04-08
2024-04-08 19:00:00,"657,0575044384054","632,859985",2,2,2024-04-08
2024-04-08 20:00:00,"466,01959829640117","574,309998",2,2,2024-04-08
2024-04-08 21:00:00,"403,27099681748166","523,52002",2,2,2024-04-08
2024-04-08 22:00:00,"382,4464123399954","583,330017",2,2,2024-04-08
2024-04-08 23:00:00,"378,1225211698646","517,549988",2,2,2024-04-08
2024-04-09 00:00:00,"341,803617798689","482,790009",2,2,2024-04-09
2024-04-09 01:00:00,"328,59515342172637","440,200012",2,2,2024-04-09
2024-04-09 02:00:00,"327,8737928012498","453,779999",2,2,2024-04-09
2024-04-09 03:00:00,"362,38871129599823","488,390015",2,2,2024-04-09
2024-04-09 04:00:00,"464,87171762315563","575,799988",2,2,2024-04-09
2024-04-09 05:00:00,"558,5465677315166","670,900024",2,2,2024-04-09
2024-04-09 06:00:00,"623,8896767999897","595,039978",2,2,2024-04-09
2024-04-09 07:00:00,"533,4717455457898","509,420013",2,2,2024-04-09
2024-04-09 08:00:00,"372,5859410909273","384,559998",2,2,2024-04-09
2024-04-09 09:00:00,"322,5218400542829","328,029999",2,2,2024-04-09
2024-04-09 10:00:00,"252,6198380330403","268,880005",2,2,2024-04-09
2024-04-09 11:00:00,"204,41405873232299","75,260002",2,2,2024-04-09
2024-04-09 12:00:00,"227,03820342603223","78,309998",2,2,2024-04-09
2024-04-09 13:00:00,"255,00256638156137","216,600006",2,2,2024-04-09
2024-04-09 14:00:00,"331,5766207969869","285,440002",2,2,2024-04-09
2024-04-09 15:00:00,"444,7356642967685","372,179993",2,2,2024-04-09
2024-04-09 16:00:00,"590,2324261482553","390,899994",2,2,2024-04-09
2024-04-09 17:00:00,"649,6642495350185","375,089996",2,2,2024-04-09
2024-04-09 18:00:00,"669,1898248641285","378,970001",2,2,2024-04-09
2024-04-09 19:00:00,"630,0399351691522","359,649994",2,2,2024-04-09
2024-04-09 20:00:00,"575,0308719172768","335,640015",2,2,2024-04-09
2024-04-09 21:00:00,"538,7535907204943","257,619995",2,2,2024-04-09
2024-04-09 22:00:00,"519,1162210283236","96,220001",2,2,2024-04-09
2024-04-09 23:00:00,"502,9672873320082","38,040001",2,2,2024-04-09
2024-04-10 00:00:00,"472,65914023152584","37,290001",2,2,2024-04-10
2024-04-10 01:00:00,"487,6538880734168","67,050003",2,2,2024-04-10
2024-04-10 02:00:00,"484,9388689559813","184,229996",2,2,2024-04-10
2024-04-10 03:00:00,"474,5675546894409","261,059998",2,2,2024-04-10
2024-04-10 04:00:00,"535,8450543919065","261,130005",2,2,2024-04-10
2024-04-10 05:00:00,"635,4877172335365","302,299988",2,2,2024-04-10
2024-04-10 06:00:00,"698,6784722038567","311,700012",2,2,2024-04-10
2024-04-10 07:00:00,"666,5045429622131","309,390015",2,2,2024-04-10
2024-04-10 08:00:00,"593,3709968021033","309,390015",2,2,2024-04-10
2024-04-10 09:00:00,"527,9556353179007","239,130005",2,2,2024-04-10
2024-04-10 10:00:00,"494,2447378317164","143,279999",2,2,2024-04-10
2024-04-10 11:00:00,"469,4978303506073","66,610001",2,2,2024-04-10
2024-04-10 12:00:00,"470,47105609817896","0,45",2,2,2024-04-10
2024-04-10 13:00:00,"482,15002467579245","2,09",2,2,2024-04-10
2024-04-10 14:00:00,"462,33769367401374","39,529999",2,2,2024-04-10
2024-04-10 15:00:00,"554,941969690227","122,169998",2,2,2024-04-10
2024-04-10 16:00:00,"643,1080838613051","616,469971",2,2,2024-04-10
2024-04-10 17:00:00,"885,4280869166993","1084,949951",2,2,2024-04-10
2024-04-10 18:00:00,"848,5610808454579","1052,430054",2,2,2024-04-10
2024-04-10 19:00:00,"759,9132317125654","722,380005",2,2,2024-04-10
2024-04-10 20:00:00,"655,1720293941328","392,029999",2,2,2024-04-10
2024-04-10 21:00:00,"584,4156784949031","352,200012",2,2,2024-04-10
2024-04-10 22:00:00,"503,14151572762944","303,440002",2,2,2024-04-10
2024-04-10 23:00:00,"493,59851905006917","198,940002",2,2,2024-04-10
2024-04-11 00:00:00,"470,0198292972251","165,589996",2,2,2024-04-11
2024-04-11 01:00:00,"461,9453873480738","74,519997",2,2,2024-04-11
2024-04-11 02:00:00,"461,5516964476558","59,52",2,2,2024-04-11
2024-04-11 03:00:00,"465,4239148075404","149,179993",2,2,2024-04-11
2024-04-11 04:00:00,"453,75551398457884","192,070007",2,2,2024-04-11
2024-04-11 05:00:00,"558,6795587104507","297,399994",2,2,2024-04-11
2024-04-11 06:00:00,"589,2320438798554","309,929993",2,2,2024-04-11
2024-04-11 07:00:00,"589,3225639330179","223,770004",2,2,2024-04-11
2024-04-11 08:00:00,"523,1984923564577","74,959999",2,2,2024-04-11
2024-04-11 09:00:00,"450,4396607915735","6,41",2,2,2024-04-11
2024-04-11 10:00:00,"396,3805226958191","6,79",2,2,2024-04-11
2024-04-11 11:00:00,"346,97274379412687","8,21",2,2,2024-04-11
2024-04-11 12:00:00,"315,2687951375598","4,25",2,2,2024-04-11
2024-04-11 13:00:00,"335,1117817650934","96,07",2,2,2024-04-11
2024-04-11 14:00:00,"342,2049216776736","64,75",2,2,2024-04-11
2024-04-11 15:00:00,"439,9459750333125","347,070007",2,2,2024-04-11
2024-04-11 16:00:00,"547,6010796134459","711,75",2,2,2024-04-11
2024-04-11 17:00:00,"649,8408868622478","1002,210022",2,2,2024-04-11
2024-04-11 18:00:00,"641,0402427939486","893,609985",2,2,2024-04-11
2024-04-11 19:00:00,"557,2012869624585","679,159973",2,2,2024-04-11
2024-04-11 20:00:00,"499,08097802860664","541,159973",2,2,2024-04-11
2024-04-11 21:00:00,"426,38025659838473","451,059998",2,2,2024-04-11
2024-04-11 22:00:00,"387,8415153318618","339,720001",2,2,2024-04-11
2024-04-11 23:00:00,"318,18734237202574","325,029999",2,2,2024-04-11
2024-04-12 00:00:00,"304,617197907218","331,73999",2,2,2024-04-12
2024-04-12 01:00:00,"287,0664423310213","304,51001",2,2,2024-04-12
2024-04-12 02:00:00,"281,1434644645772","298,399994",2,2,2024-04-12
2024-04-12 03:00:00,"281,1003042672383","298,399994",2,2,2024-04-12
2024-04-12 04:00:00,"305,866566474011","308,019989",2,2,2024-04-12
2024-04-12 05:00:00,"345,91977632606955","362,619995",2,2,2024-04-12
2024-04-12 06:00:00,"389,9047582347304","516,75",2,2,2024-04-12
2024-04-12 07:00:00,"373,4922149359951","489,290009",2,2,2024-04-12
2024-04-12 08:00:00,"323,4287021297415","319,730011",2,2,2024-04-12
2024-04-12 09:00:00,"240,28396579718026","140,690002",2,2,2024-04-12
2024-04-12 10:00:00,"205,40100978443178","0,0",2,2,2024-04-12
2024-04-12 11:00:00,"163,58034791316373","-0,52",2,2,2024-04-12
2024-04-12 12:00:00,"153,7636073128408","0,07",2,2,2024-04-12
2024-04-12 13:00:00,"166,66422569691983","1,34",2,2,2024-04-12
2024-04-12 14:00:00,"227,50571644599233","1,64",2,2,2024-04-12
2024-04-12 15:00:00,"358,5783381888115","375,600006",2,2,2024-04-12
2024-04-12 16:00:00,"410,894288783393","445,279999",2,2,2024-04-12
2024-04-12 17:00:00,"478,3386903800687","370,160004",2,2,2024-04-12
2024-04-12 18:00:00,"474,28259318955946","369,48999",2,2,2024-04-12
2024-04-12 19:00:00,"486,848773359334","351,429993",2,2,2024-04-12
2024-04-12 20:00:00,"511,07133195094013","342,329987",2,2,2024-04-12
2024-04-12 21:00:00,"506,41541664069996","329,200012",2,2,2024-04-12
2024-04-12 22:00:00,"465,1849942453835","246,039993",2,2,2024-04-12
2024-04-12 23:00:00,"466,93340349080916","193,369995",2,2,2024-04-12
2024-04-13 00:00:00,"433,2105887687565","144,429993",2,2,2024-04-13
2024-04-13 01:00:00,"417,29090417354877","130,779999",2,2,2024-04-13
2024-04-13 02:00:00,"417,41578868231","130,259995",2,2,2024-04-13
2024-04-13 03:00:00,"420,3203687628477","173,899994",2,2,2024-04-13
2024-04-13 04:00:00,"441,321559199415","207,619995",2,2,2024-04-13
2024-04-13 05:00:00,"424,61533072695534","251,630005",2,2,2024-04-13
2024-04-13 06:00:00,"390,76579915250915","168,600006",2,2,2024-04-13
2024-04-13 07:00:00,"324,46355594629097","65,650002",2,2,2024-04-13
2024-04-13 08:00:00,"221,9822881926301","-0,15",2,2,2024-04-13
2024-04-13 09:00:00,"148,58870157099688","-30,139999",2,2,2024-04-13
2024-04-13 10:00:00,"46,14556928228953","-59,830002",2,2,2024-04-13
2024-04-13 11:00:00,"-35,47937189870032","-150,699997",2,2,2024-04-13
2024-04-13 12:00:00,"-92,60809630746974","-218,729996",2,2,2024-04-13
2024-04-13 13:00:00,"-35,46676936835217","-235,740005",2,2,2024-04-13
2024-04-13 14:00:00,"70,70893944555672","-142,710007",2,2,2024-04-13
2024-04-13 15:00:00,"179,419255828421","-1,19",2,2,2024-04-13
2024-04-13 16:00:00,"426,6722010368301","248,949997",2,2,2024-04-13
2024-04-13 17:00:00,"483,6818447977637","373,76001",2,2,2024-04-13
2024-04-13 18:00:00,"498,70146675666626","298,630005",2,2,2024-04-13
2024-04-13 19:00:00,"420,2039290214091","258,5",2,2,2024-04-13
2024-04-13 20:00:00,"390,79207195425937","153,679993",2,2,2024-04-13
2024-04-13 21:00:00,"308,45983191203186","52,59",2,2,2024-04-13
2024-04-13 22:00:00,"242,79231640507197","3,21",2,2,2024-04-13
2024-04-13 23:00:00,"226,40060392567634","6,19",2,2,2024-04-13
2024-04-14 00:00:00,"204,73959180175743","6,94",2,2,2024-04-14
2024-04-14 01:00:00,"187,88672937288825","8,43",2,2,2024-04-14
2024-04-14 02:00:00,"193,73125716161675","17,459999",2,2,2024-04-14
2024-04-14 03:00:00,"201,35372689980358","44,389999",2,2,2024-04-14
2024-04-14 04:00:00,"216,31498912874068","95,949997",2,2,2024-04-14
2024-04-14 05:00:00,"213,50190096286644","96,989998",2,2,2024-04-14
2024-04-14 06:00:00,"171,30426394832685","55,279999",2,2,2024-04-14
2024-04-14 07:00:00,"145,2518883131071","0,0",2,2,2024-04-14
2024-04-14 08:00:00,"137,50542539746763","-17,68",2,2,2024-04-14
2024-04-14 09:00:00,"70,67701843901605","-90,800003",2,2,2024-04-14
2024-04-14 10:00:00,"31,21135417306945","-315,070007",2,2,2024-04-14
2024-04-14 11:00:00,"5,977445087229252","-448,019989",2,2,2024-04-14
2024-04-14 12:00:00,"-22,271849429198006","-447,720001",2,2,2024-04-14
2024-04-14 13:00:00,"33,51298107594304","-298,809998",2,2,2024-04-14
2024-04-14 14:00:00,"146,98302195991914","-46,630001",2,2,2024-04-14
2024-04-14 15:00:00,"214,04408249280561","11,71",2,2,2024-04-14
2024-04-14 16:00:00,"349,0568901117546","407,51001",2,2,2024-04-14
2024-04-14 17:00:00,"451,2228851040269","655,059998",2,2,2024-04-14
2024-04-14 18:00:00,"465,64276495863817","894,619995",2,2,2024-04-14
2024-04-14 19:00:00,"475,33635706768496","840,159973",2,2,2024-04-14
2024-04-14 20:00:00,"494,64920594266215","724,890015",2,2,2024-04-14
2024-04-14 21:00:00,"466,583148612683","594,549988",2,2,2024-04-14
2024-04-14 22:00:00,"451,7692008536363","410,640015",2,2,2024-04-14
2024-04-14 23:00:00,"448,98058863775964","437,730011",2,2,2024-04-14
2024-04-15 00:00:00,"425,57341515956153","526,359985",2,3,2024-04-15
2024-04-15 01:00:00,"425,0278301914633","491,220001",2,3,2024-04-15
2024-04-15 02:00:00,"446,462361852259","561,280029",2,3,2024-04-15
2024-04-15 03:00:00,"471,47275923380016","647,150024",2,3,2024-04-15
2024-04-15 04:00:00,"573,138956685756","863,440002",2,3,2024-04-15
2024-04-15 05:00:00,"668,8261462924445","1261,98999",2,3,2024-04-15
2024-04-15 06:00:00,"706,6004974131429","1143,290039",2,3,2024-04-15
2024-04-15 07:00:00,"599,3502225723261","683,109985",2,3,2024-04-15
2024-04-15 08:00:00,"521,1988846058891","568,809998",2,3,2024-04-15
2024-04-15 09:00:00,"433,59783105136586","425,269989",2,3,2024-04-15
2024-04-15 10:00:00,"362,68618683768915","329,390015",2,3,2024-04-15
2024-04-15 11:00:00,"320,7202338284985","236,809998",2,3,2024-04-15
2024-04-15 12:00:00,"319,9838635706166","96,690002",2,3,2024-04-15
2024-04-15 13:00:00,"328,54297555626977","58,189999",2,3,2024-04-15
2024-04-15 14:00:00,"367,8568625502096","59,610001",2,3,2024-04-15
2024-04-15 15:00:00,"404,35943963244927","345,440002",2,3,2024-04-15
2024-04-15 16:00:00,"602,3766493508115","516,289978",2,3,2024-04-15
2024-04-15 17:00:00,"862,3112452049943","588,809998",2,3,2024-04-15
2024-04-15 18:00:00,"804,5371842964186","574,630005",2,3,2024-04-15
2024-04-15 19:00:00,"601,3473898337041","494,730011",2,3,2024-04-15
2024-04-15 20:00:00,"457,2206686075754","401,170013",2,3,2024-04-15
2024-04-15 21:00:00,"391,14770730402745","254,940002",2,3,2024-04-15
2024-04-15 22:00:00,"385,5697764949227","15,07",2,3,2024-04-15
2024-04-15 23:00:00,"374,2787176712081","0,3",2,3,2024-04-15
2024-04-16 00:00:00,"337,94040083392696","1,04",2,3,2024-04-16
2024-04-16 01:00:00,"320,9349461099092","5,45",2,3,2024-04-16
2024-04-16 02:00:00,"322,48141498617707","130,330002",2,3,2024-04-16
2024-04-16 03:00:00,"359,97492744637714","270,209991",2,3,2024-04-16
2024-04-16 04:00:00,"479,75633293428814","384,880005",2,3,2024-04-16
2024-04-16 05:00:00,"585,1702428432856","554,0",2,3,2024-04-16
2024-04-16 06:00:00,"562,7342481966224","554,0",2,3,2024-04-16
2024-04-16 07:00:00,"461,2195515022355","483,5",2,3,2024-04-16
2024-04-16 08:00:00,"307,07636327750106","380,700012",2,3,2024-04-16
2024-04-16 09:00:00,"250,59658302260013","318,109985",2,3,2024-04-16
2024-04-16 10:00:00,"208,06306130301186","298,410004",2,3,2024-04-16
2024-04-16 11:00:00,"127,0673970194236","300,049988",2,3,2024-04-16
2024-04-16 12:00:00,"198,32695512742782","313,929993",2,3,2024-04-16
2024-04-16 13:00:00,"168,47981371767767","362,049988",2,3,2024-04-16
2024-04-16 14:00:00,"256,46129028049955","385,470001",2,3,2024-04-16
2024-04-16 15:00:00,"380,0498055937102","594,359985",2,3,2024-04-16
2024-04-16 16:00:00,"478,8937444895026","693,210022",2,3,2024-04-16
2024-04-16 17:00:00,"573,0649554870422","850,400024",2,3,2024-04-16
2024-04-16 18:00:00,"628,1608283347148","928,960022",2,3,2024-04-16
2024-04-16 19:00:00,"557,6053758323858","779,309998",2,3,2024-04-16
2024-04-16 20:00:00,"521,4886499299552","672,169983",2,3,2024-04-16
2024-04-16 21:00:00,"438,203283317305","627,409973",2,3,2024-04-16
2024-04-16 22:00:00,"395,0783385142993","625,48999",2,3,2024-04-16
2024-04-16 23:00:00,"335,99271673885437","625,48999",2,3,2024-04-16
2024-04-17 00:00:00,"325,02181110353365","606,919983",2,3,2024-04-17
2024-04-17 01:00:00,"333,24392182646176","614,75",2,3,2024-04-17
2024-04-17 02:00:00,"345,62308897037445","618,929993",2,3,2024-04-17
2024-04-17 03:00:00,"388,8281923055952","624,669983",2,3,2024-04-17
2024-04-17 04:00:00,"406,3254961783436","816,109985",2,3,2024-04-17
2024-04-17 05:00:00,"508,52066323850323","1268,069946",2,3,2024-04-17
2024-04-17 06:00:00,"610,4846689172766","1157,650024",2,3,2024-04-17
2024-04-17 07:00:00,"617,4097222531733","780,52002",2,3,2024-04-17
2024-04-17 08:00:00,"594,8212332889996","625,940002",2,3,2024-04-17
2024-04-17 09:00:00,"498,74095133868866","596,099976",2,3,2024-04-17
2024-04-17 10:00:00,"468,92859506553594","619,080017",2,3,2024-04-17
2024-04-17 11:00:00,"402,8550066507445","602,960022",2,3,2024-04-17
2024-04-17 12:00:00,"351,58303035293073","579,76001",2,3,2024-04-17
2024-04-17 13:00:00,"383,9013601418561","574,690002",2,3,2024-04-17
2024-04-17 14:00:00,"402,9574602443353","596,840027",2,3,2024-04-17
2024-04-17 15:00:00,"405,99009928464227","648,320007",2,3,2024-04-17
2024-04-17 16:00:00,"436,2262383539421","857,73999",2,3,2024-04-17
2024-04-17 17:00:00,"590,6704036826974","1193,089966",2,3,2024-04-17
2024-04-17 18:00:00,"673,6320818250077","1267,550049",2,3,2024-04-17
2024-04-17 19:00:00,"696,6167169956103","970,320007",2,3,2024-04-17
2024-04-17 20:00:00,"607,0667225331956","738,890015",2,3,2024-04-17
2024-04-17 21:00:00,"552,1205018457613","655,109985",2,3,2024-04-17
2024-04-17 22:00:00,"492,07628672738343","685,150024",2,3,2024-04-17
2024-04-17 23:00:00,"473,8055787505985","652,23999",2,3,2024-04-17
2024-04-18 00:00:00,"453,91731256193424","660,52002",2,3,2024-04-18
2024-04-18 01:00:00,"432,69494524790986","654,780029",2,3,2024-04-18
2024-04-18 02:00:00,"419,472727691165","668,580017",2,3,2024-04-18
2024-04-18 03:00:00,"414,8884951158629","697,380005",2,3,2024-04-18
2024-04-18 04:00:00,"475,94826533759806","909,349976",2,3,2024-04-18
2024-04-18 05:00:00,"537,1397113145814","1162,430054",2,3,2024-04-18
2024-04-18 06:00:00,"521,5611645469749","978,809998",2,3,2024-04-18
2024-04-18 07:00:00,"452,0867723629895","754,460022",2,3,2024-04-18
2024-04-18 08:00:00,"355,90417188328246","673,059998",2,3,2024-04-18
2024-04-18 09:00:00,"275,3947688137304","625,76001",2,3,2024-04-18
2024-04-18 10:00:00,"243,82469432521248","601,659973",2,3,2024-04-18
2024-04-18 11:00:00,"185,04311503608758","575,98999",2,3,2024-04-18
2024-04-18 12:00:00,"180,1807172351704","544,72998",2,3,2024-04-18
2024-04-18 13:00:00,"236,77172158675705","527,48999",2,3,2024-04-18
2024-04-18 14:00:00,"323,7881592839886","528,840027",2,3,2024-04-18
2024-04-18 15:00:00,"389,1210713992114","606,799988",2,3,2024-04-18
2024-04-18 16:00:00,"405,8426510863556","701,559998",2,3,2024-04-18
2024-04-18 17:00:00,"509,4764498717201","934,419983",2,3,2024-04-18
2024-04-18 18:00:00,"589,139251248463","961,200012",2,3,2024-04-18
2024-04-18 19:00:00,"576,7178820062135","790,27002",2,3,2024-04-18
2024-04-18 20:00:00,"502,7462929707172","670,669983",2,3,2024-04-18
2024-04-18 21:00:00,"417,52168532607567","592,179993",2,3,2024-04-18
2024-04-18 22:00:00,"390,0767138163891","576,090027",2,3,2024-04-18
2024-04-18 23:00:00,"347,08518607346906","453,869995",2,3,2024-04-18
2024-04-19 00:00:00,"354,6765616956195","377,019989",2,3,2024-04-19
2024-04-19 01:00:00,"348,57347035400375","369,109985",2,3,2024-04-19
2024-04-19 02:00:00,"326,77029579982707","357,920013",2,3,2024-04-19
2024-04-19 03:00:00,"345,1125171735385","366,200012",2,3,2024-04-19
2024-04-19 04:00:00,"358,174329500822","448,570007",2,3,2024-04-19
2024-04-19 05:00:00,"388,3993247922302","515,130005",2,3,2024-04-19
2024-04-19 06:00:00,"446,80002944188743","567,059998",2,3,2024-04-19
2024-04-19 07:00:00,"385,0062870940673","509,609985",2,3,2024-04-19
2024-04-19 08:00:00,"264,72484483223724","449,170013",2,3,2024-04-19
2024-04-19 09:00:00,"183,09687371464796","418,429993",2,3,2024-04-19
2024-04-19 10:00:00,"107,09035624451685","379,859985",2,3,2024-04-19
2024-04-19 11:00:00,"47,78178996060361","350,679993",2,3,2024-04-19
2024-04-19 12:00:00,"36,46745760802347","335,309998",2,3,2024-04-19
2024-04-19 13:00:00,"48,2570861836955","332,480011",2,3,2024-04-19
2024-04-19 14:00:00,"181,62790679792602","379,859985",2,3,2024-04-19
2024-04-19 15:00:00,"326,1819158089633","424,920013",2,3,2024-04-19
2024-04-19 16:00:00,"388,93671695976286","473,720001",2,3,2024-04-19
2024-04-19 17:00:00,"408,6944226560063","475,660004",2,3,2024-04-19
2024-04-19 18:00:00,"410,1116407379221","482,670013",2,3,2024-04-19
2024-04-19 19:00:00,"421,5868903137366","493,940002",2,3,2024-04-19
2024-04-19 20:00:00,"473,7613010633","477,149994",2,3,2024-04-19
2024-04-19 21:00:00,"477,48435605500475","471,179993",2,3,2024-04-19
2024-04-19 22:00:00,"424,1247835990957","449,529999",2,3,2024-04-19
2024-04-19 23:00:00,"389,8928746940289","432,589996",2,3,2024-04-19
2024-04-20 00:00:00,"321,0716747031394","427,809998",2,3,2024-04-20
2024-04-20 01:00:00,"319,31468617295144","430,950012",2,3,2024-04-20
2024-04-20 02:00:00,"322,1430996130274","455,5",2,3,2024-04-20
2024-04-20 03:00:00,"336,4926876516445","468,850006",2,3,2024-04-20
2024-04-20 04:00:00,"348,87185479555717","476,98999",2,3,2024-04-20
2024-04-20 05:00:00,"345,9319217260474","507,279999",2,3,2024-04-20
2024-04-20 06:00:00,"323,9565845256623","485,350006",2,3,2024-04-20
2024-04-20 07:00:00,"256,6488094310651","446,98999",2,3,2024-04-20
2024-04-20 08:00:00,"205,6567717399438","373,48999",2,3,2024-04-20
2024-04-20 09:00:00,"133,42418961911508","286,769989",2,3,2024-04-20
2024-04-20 10:00:00,"53,13123571407457","216,179993",2,3,2024-04-20
2024-04-20 11:00:00,"-120,69229401160386","92,010002",2,3,2024-04-20
2024-04-20 12:00:00,"-186,56135800429144","78,730003",2,3,2024-04-20
2024-04-20 13:00:00,"-155,66903743343767","136,779999",2,3,2024-04-20
2024-04-20 14:00:00,"31,502550365252564","279,160004",2,3,2024-04-20
2024-04-20 15:00:00,"271,5846857663249","468,850006",2,3,2024-04-20
2024-04-20 16:00:00,"347,0042014824801","588,77002",2,3,2024-04-20
2024-04-20 17:00:00,"449,261099860034","668,690002",2,3,2024-04-20
2024-04-20 18:00:00,"512,1010033747075","724,140015",2,3,2024-04-20
2024-04-20 19:00:00,"399,21344426077036","673,919983",2,3,2024-04-20
2024-04-20 20:00:00,"340,97205704592","642,280029",2,3,2024-04-20
2024-04-20 21:00:00,"243,33142212443312","618,619995",2,3,2024-04-20
2024-04-20 22:00:00,"169,5479312650902","610,679993",2,3,2024-04-20
2024-04-20 23:00:00,"188,61220359060826","526,669983",2,3,2024-04-20
2024-04-21 00:00:00,"153,62553579851922","518,76001",2,3,2024-04-21
2024-04-21 01:00:00,"173,42332725342433","480,48999",2,3,2024-04-21
2024-04-21 02:00:00,"163,61865059418892","476,609985",2,3,2024-04-21
2024-04-21 03:00:00,"167,1324104851281","474,670013",2,3,2024-04-21
2024-04-21 04:00:00,"196,12808613423775","480,709991",2,3,2024-04-21
2024-04-21 05:00:00,"188,8536867943337","451,609985",2,3,2024-04-21
2024-04-21 06:00:00,"170,67651576815487","454,220001",2,3,2024-04-21
2024-04-21 07:00:00,"149,35621433904387","413,190002",2,3,2024-04-21
2024-04-21 08:00:00,"176,42789623141834","246,139999",2,3,2024-04-21
2024-04-21 09:00:00,"52,43651140335413","275,76001",2,3,2024-04-21
2024-04-21 10:00:00,"3,6264777091791274","45,209999",2,3,2024-04-21
2024-04-21 11:00:00,"-138,76482385091396","2,09",2,3,2024-04-21
2024-04-21 12:00:00,"-177,87638135325943","-6,71",2,3,2024-04-21
2024-04-21 13:00:00,"-43,302964656936","5,6",2,3,2024-04-21
2024-04-21 14:00:00,"344,07393153175303","44,84",2,3,2024-04-21
2024-04-21 15:00:00,"201,66627818948587","434,380005",2,3,2024-04-21
2024-04-21 16:00:00,"378,386991914268","556,590027",2,3,2024-04-21
2024-04-21 17:00:00,"405,2748088229816","666,710022",2,3,2024-04-21
2024-04-21 18:00:00,"411,9575380621589","710,72998",2,3,2024-04-21
2024-04-21 19:00:00,"482,9664958696467","679,469971",2,3,2024-04-21
2024-04-21 20:00:00,"558,3671903006752","667,080017",2,3,2024-04-21
2024-04-21 21:00:00,"521,3902021840221","660,0",2,3,2024-04-21
2024-04-21 22:00:00,"487,08807035733776","589,190002",2,3,2024-04-21
2024-04-21 23:00:00,"476,89404735310177","582,330017",2,3,2024-04-21
2024-04-22 00:00:00,"468,6261550706136","585,23999",2,4,2024-04-22
2024-04-22 01:00:00,"468,4209569285807","596,280029",2,4,2024-04-22
2024-04-22 02:00:00,"473,93882593004923","595,309998",2,4,2024-04-22
2024-04-22 03:00:00,"510,6448943418312","652,830017",2,4,2024-04-22
2024-04-22 04:00:00,"619,126876578179","790,109985",2,4,2024-04-22
2024-04-22 05:00:00,"868,6714500196242","975,820007",2,4,2024-04-22
2024-04-22 06:00:00,"845,1148395599827","876,359985",2,4,2024-04-22
2024-04-22 07:00:00,"617,477693369153","724,090027",2,4,2024-04-22
2024-04-22 08:00:00,"522,1504767623835","610,75",2,4,2024-04-22
2024-04-22 09:00:00,"406,4140652889614","606,130005",2,4,2024-04-22
2024-04-22 10:00:00,"319,2635461580606","574,869995",2,4,2024-04-22
2024-04-22 11:00:00,"232,15842287164455","549,650024",2,4,2024-04-22
2024-04-22 12:00:00,"178,32052619692612","553,080017",2,4,2024-04-22
2024-04-22 13:00:00,"177,89468794003062","559,650024",2,4,2024-04-22
2024-04-22 14:00:00,"206,56139723488548","536,440002",2,4,2024-04-22
2024-04-22 15:00:00,"335,73704333314066","722,150024",2,4,2024-04-22
2024-04-22 16:00:00,"506,7547381868316","881,880005",2,4,2024-04-22
2024-04-22 17:00:00,"600,9663939180055","1223,969971",2,4,2024-04-22
2024-04-22 18:00:00,"599,9237749995234","1275,52002",2,4,2024-04-22
2024-04-22 19:00:00,"476,37910048643346","970,299988",2,4,2024-04-22
2024-04-22 20:00:00,"390,46871910727185","789,140015",2,4,2024-04-22
2024-04-22 21:00:00,"280,2838822021703","723,640015",2,4,2024-04-22
2024-04-22 22:00:00,"234,08476026499574","658,969971",2,4,2024-04-22
2024-04-22 23:00:00,"176,9011230434809","646,809998",2,4,2024-04-22
2024-04-23 00:00:00,"156,63789465491516","641,289978",2,4,2024-04-23
2024-04-23 01:00:00,"152,50040869455427","637,340027",2,4,2024-04-23
2024-04-23 02:00:00,"188,85483742146582","644,280029",2,4,2024-04-23
2024-04-23 03:00:00,"278,1418651645514","728,890015",2,4,2024-04-23
2024-04-23 04:00:00,"455,2279011145505","905,789978",2,4,2024-04-23
2024-04-23 05:00:00,"575,861504948312","1352,420044",2,4,2024-04-23
2024-04-23 06:00:00,"553,0693485689112","1016,820007",2,4,2024-04-23
2024-04-23 07:00:00,"446,7290235774687","734,030029",2,4,2024-04-23
2024-04-23 08:00:00,"290,25693237038485","618,309998",2,4,2024-04-23
2024-04-23 09:00:00,"229,14670912624933","576,450012",2,4,2024-04-23
2024-04-23 10:00:00,"203,3938930072934","577,950012",2,4,2024-04-23
2024-04-23 11:00:00,"148,49415900882641","592,27002",2,4,2024-04-23
2024-04-23 12:00:00,"155,8651590837422","586,599976",2,4,2024-04-23
2024-04-23 13:00:00,"193,7108412268534","597,049988",2,4,2024-04-23
2024-04-23 14:00:00,"263,3332267955401","619,429993",2,4,2024-04-23
2024-04-23 15:00:00,"412,81312410357486","671,289978",2,4,2024-04-23
2024-04-23 16:00:00,"538,1585674619781","764,030029",2,4,2024-04-23
2024-04-23 17:00:00,"675,8321781373","917,799988",2,4,2024-04-23
2024-04-23 18:00:00,"724,0929075483591","933,169983",2,4,2024-04-23
2024-04-23 19:00:00,"618,6473367015647","784,169983",2,4,2024-04-23
2024-04-23 20:00:00,"556,7045243759381","691,880005",2,4,2024-04-23
2024-04-23 21:00:00,"463,2921315434656","608,460022",2,4,2024-04-23
2024-04-23 22:00:00,"448,9148462955671","600,929993",2,4,2024-04-23
2024-04-23 23:00:00,"400,5949816453096","569,150024",2,4,2024-04-23
2024-04-24 00:00:00,"322,9369189217468","566,090027",2,4,2024-04-24
2024-04-24 01:00:00,"315,93145245363087","545,130005",2,4,2024-04-24
2024-04-24 02:00:00,"357,8740121162545","567,289978",2,4,2024-04-24
2024-04-24 03:00:00,"405,4244020559812","610,47998",2,4,2024-04-24
2024-04-24 04:00:00,"485,6296426254414","758,419983",2,4,2024-04-24
2024-04-24 05:00:00,"647,9562966200418","956,200012",2,4,2024-04-24
2024-04-24 06:00:00,"700,6250948400938","798,780029",2,4,2024-04-24
2024-04-24 07:00:00,"713,7248124926964","684,940002",2,4,2024-04-24
2024-04-24 08:00:00,"634,2135846230752","676,960022",2,4,2024-04-24
2024-04-24 09:00:00,"553,3985245587213","659,130005",2,4,2024-04-24
2024-04-24 10:00:00,"539,5164917600829","616,22998",2,4,2024-04-24
2024-04-24 11:00:00,"462,1678992981191","597,5",2,4,2024-04-24
2024-04-24 12:00:00,"449,8734559989953","570,940002",2,4,2024-04-24
2024-04-24 13:00:00,"487,91905625604653","602,130005",2,4,2024-04-24
2024-04-24 14:00:00,"527,4241713558024","605,190002",2,4,2024-04-24
2024-04-24 15:00:00,"616,2908508546253","646,070007",2,4,2024-04-24
2024-04-24 16:00:00,"679,260707541492","757,530029",2,4,2024-04-24
2024-04-24 17:00:00,"774,8046465016195","1008,640015",2,4,2024-04-24
2024-04-24 18:00:00,"845,4278402022433","1070,119995",2,4,2024-04-24
2024-04-24 19:00:00,"811,1469786374308","903,900024",2,4,2024-04-24
2024-04-24 20:00:00,"666,9939773216706","785,650024",2,4,2024-04-24
2024-04-24 21:00:00,"560,3577721491218","673,0",2,4,2024-04-24
2024-04-24 22:00:00,"535,2869385658901","622,700012",2,4,2024-04-24
2024-04-24 23:00:00,"500,9475236870838","596,599976",2,4,2024-04-24
2024-04-25 00:00:00,"479,6019038146241","576,97998",2,4,2024-04-25
2024-04-25 01:00:00,"476,7257896581359","567,140015",2,4,2024-04-25
2024-04-25 02:00:00,"478,61681753005195","561,099976",2,4,2024-04-25
2024-04-25 03:00:00,"493,4733781207669","626,580017",2,4,2024-04-25
2024-04-25 04:00:00,"599,3585813987104","763,940002",2,4,2024-04-25
2024-04-25 05:00:00,"657,6874887311046","962,390015",2,4,2024-04-25
2024-04-25 06:00:00,"636,7284022979532","840,530029",2,4,2024-04-25
2024-04-25 07:00:00,"501,99300223924655","686,830017",2,4,2024-04-25
2024-04-25 08:00:00,"416,8131718224946","596,669983",2,4,2024-04-25
2024-04-25 09:00:00,"367,11034778355105","583,169983",2,4,2024-04-25
2024-04-25 10:00:00,"355,57342007402775","551,26001",2,4,2024-04-25
2024-04-25 11:00:00,"343,5512907819835","512,099976",2,4,2024-04-25
2024-04-25 12:00:00,"334,97667197558667","495,25",2,4,2024-04-25
2024-04-25 13:00:00,"370,0250326534295","516,950012",2,4,2024-04-25
2024-04-25 14:00:00,"397,64434983623937","542,97998",2,4,2024-04-25
2024-04-25 15:00:00,"475,67198560117845","595,700012",2,4,2024-04-25
2024-04-25 16:00:00,"597,5499502294572","709,72998",2,4,2024-04-25
2024-04-25 17:00:00,"644,2253558591734","1052,170044",2,4,2024-04-25
2024-04-25 18:00:00,"673,757828629002","1135,699951",2,4,2024-04-25
2024-04-25 19:00:00,"668,4333474956833","847,98999",2,4,2024-04-25
2024-04-25 20:00:00,"596,7952498394928","681,23999",2,4,2024-04-25
2024-04-25 21:00:00,"531,9572427936234","594,659973",2,4,2024-04-25
2024-04-25 22:00:00,"520,197544719696","595,719971",2,4,2024-04-25
2024-04-25 23:00:00,"467,8110856649262","551,929993",2,4,2024-04-25
2024-04-26 00:00:00,"433,1166601692005","553,429993",2,4,2024-04-26
2024-04-26 01:00:00,"415,06325160005343","552,460022",2,4,2024-04-26
2024-04-26 02:00:00,"393,49829795652846","575,049988",2,4,2024-04-26
2024-04-26 03:00:00,"375,70318301627697","618,909973",2,4,2024-04-26
2024-04-26 04:00:00,"459,4062492870726","697,380005",2,4,2024-04-26
2024-04-26 05:00:00,"550,3240200404191","776,140015",2,4,2024-04-26
2024-04-26 06:00:00,"586,755756248012","716,469971",2,4,2024-04-26
2024-04-26 07:00:00,"504,3336233536584","604,73999",2,4,2024-04-26
2024-04-26 08:00:00,"381,7003433645517","580,349976",2,4,2024-04-26
2024-04-26 09:00:00,"260,895232501115","544,099976",2,4,2024-04-26
2024-04-26 10:00:00,"201,60275094538588","524,710022",2,4,2024-04-26
2024-04-26 11:00:00,"145,2593354979241","512,700012",2,4,2024-04-26
2024-04-26 12:00:00,"152,1745505079797","487,570007",2,4,2024-04-26
2024-04-26 13:00:00,"138,05469358252213","521,5",2,4,2024-04-26
2024-04-26 14:00:00,"175,3348533954157","534,780029",2,4,2024-04-26
2024-04-26 15:00:00,"343,7669390281151","600,119995",2,4,2024-04-26
2024-04-26 16:00:00,"395,7963229856458","700,210022",2,4,2024-04-26
2024-04-26 17:00:00,"408,5176145665466","959,25",2,4,2024-04-26
2024-04-26 18:00:00,"419,24448258674397","1018,539978",2,4,2024-04-26
2024-04-26 19:00:00,"472,6933950469751","820,440002",2,4,2024-04-26
2024-04-26 20:00:00,"481,532039454427","691,47998",2,4,2024-04-26
2024-04-26 21:00:00,"461,8680702520672","658,289978",2,4,2024-04-26
2024-04-26 22:00:00,"402,64259547796144","673,330017",2,4,2024-04-26
2024-04-26 23:00:00,"324,63214657998236","662,960022",2,4,2024-04-26
2024-04-27 00:00:00,"309,2799429940496","645,72998",2,4,2024-04-27
2024-04-27 01:00:00,"306,905296357799","663,929993",2,4,2024-04-27
2024-04-27 02:00:00,"307,66302214765113","653,940002",2,4,2024-04-27
2024-04-27 03:00:00,"320,8868252120358","625,52002",2,4,2024-04-27
2024-04-27 04:00:00,"355,0338133271088","641,929993",2,4,2024-04-27
2024-04-27 05:00:00,"363,79617304776826","589,429993",2,4,2024-04-27
2024-04-27 06:00:00,"345,32079780648377","511,950012",2,4,2024-04-27
2024-04-27 07:00:00,"301,72802919801654","440,51001",2,4,2024-04-27
2024-04-27 08:00:00,"220,91135496483784","284,950012",2,4,2024-04-27
2024-04-27 09:00:00,"139,17203730434247","194,559998",2,4,2024-04-27
2024-04-27 10:00:00,"46,8308627757033","294,640015",2,4,2024-04-27
2024-04-27 11:00:00,"-153,45921371231572","308,809998",2,4,2024-04-27
2024-04-27 12:00:00,"-199,56034946686432","182,710007",2,4,2024-04-27
2024-04-27 13:00:00,"-160,4711203677684","75,019997",2,4,2024-04-27
2024-04-27 14:00:00,"19,36511801253931","156,080002",2,4,2024-04-27
2024-04-27 15:00:00,"200,43511850153465","463,700012",2,4,2024-04-27
2024-04-27 16:00:00,"398,57629075253345","642,679993",2,4,2024-04-27
2024-04-27 17:00:00,"482,46980733041784","894,140015",2,4,2024-04-27
2024-04-27 18:00:00,"542,1484207164367","837,23999",2,4,2024-04-27
2024-04-27 19:00:00,"435,3477316419487","633,880005",2,4,2024-04-27
2024-04-27 20:00:00,"365,57625143877294","566,01001",2,4,2024-04-27
2024-04-27 21:00:00,"262,7173565060872","486,440002",2,4,2024-04-27
2024-04-27 22:00:00,"215,27163464947432","420,570007",2,4,2024-04-27
2024-04-27 23:00:00,"171,69797794054335","344,119995",2,4,2024-04-27
2024-04-28 00:00:00,"170,73531604233563","295,350006",2,4,2024-04-28
2024-04-28 01:00:00,"161,15556423617323","235,309998",2,4,2024-04-28
2024-04-28 02:00:00,"161,15556423617323","205,850006",2,4,2024-04-28
2024-04-28 03:00:00,"167,46950363270895","194,289993",2,4,2024-04-28
2024-04-28 04:00:00,"184,3517354732382","74,209999",2,4,2024-04-28
2024-04-28 05:00:00,"180,6949331722262","1,86",2,4,2024-04-28
2024-04-28 06:00:00,"166,04322083898376","1,94",2,4,2024-04-28
2024-04-28 07:00:00,"144,4926367506252","1,64",2,4,2024-04-28
2024-04-28 08:00:00,"96,70150140771688","0,0",2,4,2024-04-28
2024-04-28 09:00:00,"52,0295916123827","-7,16",2,4,2024-04-28
2024-04-28 10:00:00,"-41,71718208319181","-18,049999",2,4,2024-04-28
2024-04-28 11:00:00,"-145,9252724096748","-18,65",2,4,2024-04-28
2024-04-28 12:00:00,"-171,14234532390944","-18,790001",2,4,2024-04-28
2024-04-28 13:00:00,"-101,70179249433407","-15,66",2,4,2024-04-28
2024-04-28 14:00:00,"-2,728024600324647","-15,51",2,4,2024-04-28
2024-04-28 15:00:00,"173,88455783891055","-0,15",2,4,2024-04-28
2024-04-28 16:00:00,"370,2367338628372","189,289993",2,4,2024-04-28
2024-04-28 17:00:00,"406,06311946316805","517,299988",2,4,2024-04-28
2024-04-28 18:00:00,"413,7078911066649","577,640015",2,4,2024-04-28
2024-04-28 19:00:00,"452,71254905817244","583,159973",2,4,2024-04-28
2024-04-28 20:00:00,"466,0654665364643","468,079987",2,4,2024-04-28
2024-04-28 21:00:00,"462,7002110562225","417,890015",2,4,2024-04-28
2024-04-28 22:00:00,"469,73101776352","306,529999",2,4,2024-04-28
2024-04-28 23:00:00,"480,8086237957418","370,75",2,4,2024-04-28
2024-07-01 00:00:00,"546,1922195476699","583,150024",3,1,2024-07-01
2024-07-01 01:00:00,"544,6042459330847","581,809998",3,1,2024-07-01
2024-07-01 02:00:00,"545,6520407733241","564,059998",3,1,2024-07-01
2024-07-01 03:00:00,"634,9260042112963","602,76001",3,1,2024-07-01
2024-07-01 04:00:00,"728,8086426621741","907,349976",3,1,2024-07-01
2024-07-01 05:00:00,"800,3561129681423","1018,109985",3,1,2024-07-01
2024-07-01 06:00:00,"894,460884503462","963,590027",3,1,2024-07-01
2024-07-01 07:00:00,"663,705951726406","841,27002",3,1,2024-07-01
2024-07-01 08:00:00,"497,1149987377975","750,289978",3,1,2024-07-01
2024-07-01 09:00:00,"434,2317749450691","642,070007",3,1,2024-07-01
2024-07-01 10:00:00,"365,0277390865594","493,200012",3,1,2024-07-01
2024-07-01 11:00:00,"342,83907710945516","318,609985",3,1,2024-07-01
2024-07-01 12:00:00,"337,95877757752964","258,5",3,1,2024-07-01
2024-07-01 13:00:00,"354,2110066859191","242,759995",3,1,2024-07-01
2024-07-01 14:00:00,"428,9093838085414","231,649994",3,1,2024-07-01
2024-07-01 15:00:00,"541,4436436197407","410,200012",3,1,2024-07-01
2024-07-01 16:00:00,"654,7406336816225","538,77002",3,1,2024-07-01
2024-07-01 17:00:00,"1037,7871061630133","733,72998",3,1,2024-07-01
2024-07-01 18:00:00,"1298,4222206649638","791,080017",3,1,2024-07-01
2024-07-01 19:00:00,"1159,1501620496445","939,719971",3,1,2024-07-01
2024-07-01 20:00:00,"872,9537122325069","782,580017",3,1,2024-07-01
2024-07-01 21:00:00,"666,6258979241034","653,700012",3,1,2024-07-01
2024-07-01 22:00:00,"609,2765667683151","593,919983",3,1,2024-07-01
2024-07-01 23:00:00,"571,5863575787105","462,350006",3,1,2024-07-01
2024-07-02 00:00:00,"576,3042231475566","375,829987",3,1,2024-07-02
2024-07-02 01:00:00,"558,0124100254964","402,829987",3,1,2024-07-02
2024-07-02 02:00:00,"580,8118968889011","343,98999",3,1,2024-07-02
2024-07-02 03:00:00,"592,0790738511866","379,040009",3,1,2024-07-02
2024-07-02 04:00:00,"828,3533048302819","518,070007",3,1,2024-07-02
2024-07-02 05:00:00,"868,0836876883018","496,140015",3,1,2024-07-02
2024-07-02 06:00:00,"717,1637204017638","611,299988",3,1,2024-07-02
2024-07-02 07:00:00,"551,735890303169","498,970001",3,1,2024-07-02
2024-07-02 08:00:00,"404,22300276258846","293,119995",3,1,2024-07-02
2024-07-02 09:00:00,"251,01262887884684","265,369995",3,1,2024-07-02
2024-07-02 10:00:00,"186,89652767733475","263,51001",3,1,2024-07-02
2024-07-02 11:00:00,"177,28638811286694","257,98999",3,1,2024-07-02
2024-07-02 12:00:00,"191,09986612829678","252,990005",3,1,2024-07-02
2024-07-02 13:00:00,"218,07025781796187","243,070007",3,1,2024-07-02
2024-07-02 14:00:00,"312,16246401041803","249,410004",3,1,2024-07-02
2024-07-02 15:00:00,"465,3440607084494","262,170013",3,1,2024-07-02
2024-07-02 16:00:00,"632,0710111153604","261,720001",3,1,2024-07-02
2024-07-02 17:00:00,"887,7771602660109","267,160004",3,1,2024-07-02
2024-07-02 18:00:00,"1025,2203829144992","311,98999",3,1,2024-07-02
2024-07-02 19:00:00,"905,9170039091109","436,920013",3,1,2024-07-02
2024-07-02 20:00:00,"762,6423466986662","345,779999",3,1,2024-07-02
2024-07-02 21:00:00,"672,8540458543757","301,100006",3,1,2024-07-02
2024-07-02 22:00:00,"617,3923688621892","277,459991",3,1,2024-07-02
2024-07-02 23:00:00,"575,4007673613559","268,809998",3,1,2024-07-02
2024-07-03 00:00:00,"540,1531963405238","267,23999",3,1,2024-07-03
2024-07-03 01:00:00,"555,4783355623487","270,380005",3,1,2024-07-03
2024-07-03 02:00:00,"556,4823642660812","288,649994",3,1,2024-07-03
2024-07-03 03:00:00,"563,1638999816546","439,309998",3,1,2024-07-03
2024-07-03 04:00:00,"547,0317112641968","647,929993",3,1,2024-07-03
2024-07-03 05:00:00,"878,5971012196271","729,599976",3,1,2024-07-03
2024-07-03 06:00:00,"1057,2407188881289","771,669983",3,1,2024-07-03
2024-07-03 07:00:00,"638,8078104176623","416,709991",3,1,2024-07-03
2024-07-03 08:00:00,"473,6829292797005","323,029999",3,1,2024-07-03
2024-07-03 09:00:00,"369,896999043263","298,119995",3,1,2024-07-03
2024-07-03 10:00:00,"254,8326442029037","291,859985",3,1,2024-07-03
2024-07-03 11:00:00,"216,7135730020008","296,179993",3,1,2024-07-03
2024-07-03 12:00:00,"184,35614928132262","306,100006",3,1,2024-07-03
2024-07-03 13:00:00,"270,472235874413","317,220001",3,1,2024-07-03
2024-07-03 14:00:00,"335,3780593328986","376,660004",3,1,2024-07-03
2024-07-03 15:00:00,"369,5262972108569","590,5",3,1,2024-07-03
2024-07-03 16:00:00,"464,3993232499346","697,830017",3,1,2024-07-03
2024-07-03 17:00:00,"572,3226732159316","831,27002",3,1,2024-07-03
2024-07-03 18:00:00,"634,8468804151821","1149,969971",3,1,2024-07-03
2024-07-03 19:00:00,"683,1783659901021","784,130005",3,1,2024-07-03
2024-07-03 20:00:00,"772,0195465231812","655,23999",3,1,2024-07-03
2024-07-03 21:00:00,"917,9488688536783","513,900024",3,1,2024-07-03
2024-07-03 22:00:00,"686,3408372095656","436,329987",3,1,2024-07-03
2024-07-03 23:00:00,"627,9218732653417","228,75",3,1,2024-07-03
2024-07-04 00:00:00,"581,2933351729912","154,240005",3,1,2024-07-04
2024-07-04 01:00:00,"581,1272815712309","130,149994",3,1,2024-07-04
2024-07-04 02:00:00,"576,2013174895753","70,779999",3,1,2024-07-04
2024-07-04 03:00:00,"566,7287362408966","74,730003",3,1,2024-07-04
2024-07-04 04:00:00,"606,5789848360299","197,429993",3,1,2024-07-04
2024-07-04 05:00:00,"877,5921922165726","223,759995",3,1,2024-07-04
2024-07-04 06:00:00,"815,429431644247","235,910004",3,1,2024-07-04
2024-07-04 07:00:00,"641,8175118827616","168,940002",3,1,2024-07-04
2024-07-04 08:00:00,"495,19451309365735","14,17",3,1,2024-07-04
2024-07-04 09:00:00,"410,15208116477964","0,0",3,1,2024-07-04
2024-07-04 10:00:00,"351,21302035776256","-0,3",3,1,2024-07-04
2024-07-04 11:00:00,"327,6747551724297","-37,52",3,1,2024-07-04
2024-07-04 12:00:00,"324,22214708100125","-142,380005",3,1,2024-07-04
2024-07-04 13:00:00,"345,6032983927191","-100,470001",3,1,2024-07-04
2024-07-04 14:00:00,"368,7250077676729","-39,599998",3,1,2024-07-04
2024-07-04 15:00:00,"530,5033331127565","-0,22",3,1,2024-07-04
2024-07-04 16:00:00,"635,5776861856995","50,490002",3,1,2024-07-04
2024-07-04 17:00:00,"947,895540221346","216,300003",3,1,2024-07-04
2024-07-04 18:00:00,"1430,526840541641","336,160004",3,1,2024-07-04
2024-07-04 19:00:00,"1185,7399614261644","289,320007",3,1,2024-07-04
2024-07-04 20:00:00,"864,263787094077","288,5",3,1,2024-07-04
2024-07-04 21:00:00,"694,4601092602752","284,170013",3,1,2024-07-04
2024-07-04 22:00:00,"670,7081149373896","51,610001",3,1,2024-07-04
2024-07-04 23:00:00,"587,3923583073054","36,02",3,1,2024-07-04
2024-07-05 00:00:00,"576,700785265807","29,83",3,1,2024-07-05
2024-07-05 01:00:00,"549,3748076331735","19,91",3,1,2024-07-05
2024-07-05 02:00:00,"547,385454546645","21,780001",3,1,2024-07-05
2024-07-05 03:00:00,"577,7988427928069","42,66",3,1,2024-07-05
2024-07-05 04:00:00,"590,8756010703149","149,100006",3,1,2024-07-05
2024-07-05 05:00:00,"586,3905322891095","216,970001",3,1,2024-07-05
2024-07-05 06:00:00,"561,9265865237098","234,720001",3,1,2024-07-05
2024-07-05 07:00:00,"557,6090664599927","138,429993",3,1,2024-07-05
2024-07-05 08:00:00,"490,16504886695907","22,0",3,1,2024-07-05
2024-07-05 09:00:00,"391,98858974178626","3,06",3,1,2024-07-05
2024-07-05 10:00:00,"338,9035899425341","-0,3",3,1,2024-07-05
2024-07-05 11:00:00,"296,6999520048858","-4,1",3,1,2024-07-05
2024-07-05 12:00:00,"258,439171998979","-5,74",3,1,2024-07-05
2024-07-05 13:00:00,"257,57257039466873","-0,22",3,1,2024-07-05
2024-07-05 14:00:00,"290,16459138283756","14,4",3,1,2024-07-05
2024-07-05 15:00:00,"341,84375145159095","125,379997",3,1,2024-07-05
2024-07-05 16:00:00,"459,5492815552176","186,839996",3,1,2024-07-05
2024-07-05 17:00:00,"518,9594101841834","273,730011",3,1,2024-07-05
2024-07-05 18:00:00,"546,0741544390368","282,01001",3,1,2024-07-05
2024-07-05 19:00:00,"564,099243487606","447,959991",3,1,2024-07-05
2024-07-05 20:00:00,"556,249792359804","618,02002",3,1,2024-07-05
2024-07-05 21:00:00,"572,0923097693538","633,609985",3,1,2024-07-05
2024-07-05 22:00:00,"569,4618910362358","637,890015",3,1,2024-07-05
2024-07-05 23:00:00,"536,4966725135383","492,73999",3,1,2024-07-05
2024-07-06 00:00:00,"491,0890788300336","473,799988",3,1,2024-07-06
2024-07-06 01:00:00,"465,0411300114476","346,540009",3,1,2024-07-06
2024-07-06 02:00:00,"449,22790508840814","288,070007",3,1,2024-07-06
2024-07-06 03:00:00,"399,3204928330265","117,029999",3,1,2024-07-06
2024-07-06 04:00:00,"379,1369932131219","42,740002",3,1,2024-07-06
2024-07-06 05:00:00,"325,39555828045894","40,049999",3,1,2024-07-06
2024-07-06 06:00:00,"261,07009012737035","25,360001",3,1,2024-07-06
2024-07-06 07:00:00,"170,06730453727886","2,39",3,1,2024-07-06
2024-07-06 08:00:00,"47,28156975487772","-0,3",3,1,2024-07-06
2024-07-06 09:00:00,"16,00179182750194","-0,15",3,1,2024-07-06
2024-07-06 10:00:00,"-30,040774305307647","-0,22",3,1,2024-07-06
2024-07-06 11:00:00,"-47,29145294063761","-0,9",3,1,2024-07-06
2024-07-06 12:00:00,"-45,63668896363287","-16,26",3,1,2024-07-06
2024-07-06 13:00:00,"-47,105793038701606","-20,209999",3,1,2024-07-06
2024-07-06 14:00:00,"-23,03062203145625","-4,48",3,1,2024-07-06
2024-07-06 15:00:00,"272,83712864952184","-0,45",3,1,2024-07-06
2024-07-06 16:00:00,"429,9954231599875","14,02",3,1,2024-07-06
2024-07-06 17:00:00,"602,6281011451913","1,64",3,1,2024-07-06
2024-07-06 18:00:00,"626,8617633984521","49,900002",3,1,2024-07-06
2024-07-06 19:00:00,"596,3267394478974","70,110001",3,1,2024-07-06
2024-07-06 20:00:00,"564,0262420117251","134,259995",3,1,2024-07-06
2024-07-06 21:00:00,"535,949404306917","104,580002",3,1,2024-07-06
2024-07-06 22:00:00,"456,6236710987072","-0,22",3,1,2024-07-06
2024-07-06 23:00:00,"374,46335244850803","-0,75",3,1,2024-07-06
2024-07-07 00:00:00,"336,50125626324893","-5,97",3,1,2024-07-07
2024-07-07 01:00:00,"333,37714835066686","-3,58",3,1,2024-07-07
2024-07-07 02:00:00,"303,7848088940775","-0,45",3,1,2024-07-07
2024-07-07 03:00:00,"277,63661003208546","-0,07",3,1,2024-07-07
2024-07-07 04:00:00,"250,4881868651799","-0,07",3,1,2024-07-07
2024-07-07 05:00:00,"165,70373145380677","-0,07",3,1,2024-07-07
2024-07-07 06:00:00,"75,32507622981534","-4,47",3,1,2024-07-07
2024-07-07 07:00:00,"21,60813935167568","-48,400002",3,1,2024-07-07
2024-07-07 08:00:00,"5,871057583887741","-74,43",3,1,2024-07-07
2024-07-07 09:00:00,"-14,397045739791048","-89,800003",3,1,2024-07-07
2024-07-07 10:00:00,"-32,98960222534528","-100,610001",3,1,2024-07-07
2024-07-07 11:00:00,"-46,09264991464661","-112,019997",3,1,2024-07-07
2024-07-07 12:00:00,"-52,90301561059258","-156,470001",3,1,2024-07-07
2024-07-07 13:00:00,"-41,51257185974236","-90,989998",3,1,2024-07-07
2024-07-07 14:00:00,"-5,840045188026814","-45,939999",3,1,2024-07-07
2024-07-07 15:00:00,"258,0961357710606","-0,6",3,1,2024-07-07
2024-07-07 16:00:00,"428,551535237857","477,23999",3,1,2024-07-07
2024-07-07 17:00:00,"624,5330643434854","673,23999",3,1,2024-07-07
2024-07-07 18:00:00,"827,3386788985268","890,48999",3,1,2024-07-07
2024-07-07 19:00:00,"849,8232649669567","947,549988",3,1,2024-07-07
2024-07-07 20:00:00,"826,6978382068072","859,169983",3,1,2024-07-07
2024-07-07 21:00:00,"716,8557720796522","724,400024",3,1,2024-07-07
2024-07-07 22:00:00,"685,5432538665117","608,72998",3,1,2024-07-07
2024-07-07 23:00:00,"592,4827821187492","571,659973",3,1,2024-07-07
2024-07-08 00:00:00,"572,2646314776462","552,48999",3,2,2024-07-08
2024-07-08 01:00:00,"576,1902886304644","579,640015",3,2,2024-07-08
2024-07-08 02:00:00,"577,4952105545632","568,900024",3,2,2024-07-08
2024-07-08 03:00:00,"650,1139143519143","592,469971",3,2,2024-07-08
2024-07-08 04:00:00,"909,5652872530674","820,390015",3,2,2024-07-08
2024-07-08 05:00:00,"1008,2703481233028","924,580017",3,2,2024-07-08
2024-07-08 06:00:00,"892,9515108113956","750,580017",3,2,2024-07-08
2024-07-08 07:00:00,"702,8821010729106","578,820007",3,2,2024-07-08
2024-07-08 08:00:00,"549,5966995692991","402,209991",3,2,2024-07-08
2024-07-08 09:00:00,"454,90627265708235","286,609985",3,2,2024-07-08
2024-07-08 10:00:00,"375,8181595730569","237,089996",3,2,2024-07-08
2024-07-08 11:00:00,"339,2337521538611","219,639999",3,2,2024-07-08
2024-07-08 12:00:00,"304,94510992876815","220,460007",3,2,2024-07-08
2024-07-08 13:00:00,"340,81208564191866","274,079987",3,2,2024-07-08
2024-07-08 14:00:00,"407,1203225122757","477,320007",3,2,2024-07-08
2024-07-08 15:00:00,"528,259485571103","598,140015",3,2,2024-07-08
2024-07-08 16:00:00,"682,1428128514349","765,419983",3,2,2024-07-08
2024-07-08 17:00:00,"1027,3514951273035","1006,840027",3,2,2024-07-08
2024-07-08 18:00:00,"1468,127658784383","1857,140015",3,2,2024-07-08
2024-07-08 19:00:00,"1204,7372308090253","1295,390015",3,2,2024-07-08
2024-07-08 20:00:00,"905,1385547424685","847,609985",3,2,2024-07-08
2024-07-08 21:00:00,"702,5703047724561","686,289978",3,2,2024-07-08
2024-07-08 22:00:00,"641,8062374548294","787,049988",3,2,2024-07-08
2024-07-08 23:00:00,"622,5107910971387","715,73999",3,2,2024-07-08
2024-07-09 00:00:00,"624,8351870063259","694,26001",3,2,2024-07-09
2024-07-09 01:00:00,"623,8592711274839","679,789978",3,2,2024-07-09
2024-07-09 02:00:00,"630,447394263817","653,840027",3,2,2024-07-09
2024-07-09 03:00:00,"655,5093964723275","722,22998",3,2,2024-07-09
2024-07-09 04:00:00,"838,0536094597817","830,76001",3,2,2024-07-09
2024-07-09 05:00:00,"876,9241784375273","773,919983",3,2,2024-07-09
2024-07-09 06:00:00,"742,1817379202766","701,119995",3,2,2024-07-09
2024-07-09 07:00:00,"591,0424346043987","501,679993",3,2,2024-07-09
2024-07-09 08:00:00,"486,2778197229185","347,799988",3,2,2024-07-09
2024-07-09 09:00:00,"359,6876500282127","251,440002",3,2,2024-07-09
2024-07-09 10:00:00,"332,0153870755402","163,720001",3,2,2024-07-09
2024-07-09 11:00:00,"309,8125239865579","119,190002",3,2,2024-07-09
2024-07-09 12:00:00,"299,4074304190901","32,369999",3,2,2024-07-09
2024-07-09 13:00:00,"325,2053202499267","82,639999",3,2,2024-07-09
2024-07-09 14:00:00,"437,5444922881007","400,76001",3,2,2024-07-09
2024-07-09 15:00:00,"555,6081631427334","609,309998",3,2,2024-07-09
2024-07-09 16:00:00,"750,8302559357015","740,429993",3,2,2024-07-09
2024-07-09 17:00:00,"938,629697283305","822,47998",3,2,2024-07-09
2024-07-09 18:00:00,"1027,8474337007988","841,349976",3,2,2024-07-09
2024-07-09 19:00:00,"873,6759347736348","748,26001",3,2,2024-07-09
2024-07-09 20:00:00,"768,6300346621991","338,779999",3,2,2024-07-09
2024-07-09 21:00:00,"642,6498919846822","301,779999",3,2,2024-07-09
2024-07-09 22:00:00,"592,767177101672","243,110001",3,2,2024-07-09
2024-07-09 23:00:00,"539,3064140947878","246,089996",3,2,2024-07-09
2024-07-10 00:00:00,"548,5724653017494","224,009995",3,2,2024-07-10
2024-07-10 01:00:00,"544,556112595929","214,320007",3,2,2024-07-10
2024-07-10 02:00:00,"565,2941662346709","223,789993",3,2,2024-07-10
2024-07-10 03:00:00,"569,6116862983881","243,779999",3,2,2024-07-10
2024-07-10 04:00:00,"597,7596473918662","300,700012",3,2,2024-07-10
2024-07-10 05:00:00,"672,9856841424762","325,089996",3,2,2024-07-10
2024-07-10 06:00:00,"731,664945984332","622,809998",3,2,2024-07-10
2024-07-10 07:00:00,"666,1443641557609","586,109985",3,2,2024-07-10
2024-07-10 08:00:00,"512,5031029167212","484,880005",3,2,2024-07-10
2024-07-10 09:00:00,"402,6906908852389","416,029999",3,2,2024-07-10
2024-07-10 10:00:00,"326,3276365641907","351,570007",3,2,2024-07-10
2024-07-10 11:00:00,"273,90267163035196","304,059998",3,2,2024-07-10
2024-07-10 12:00:00,"244,16797214237604","392,149994",3,2,2024-07-10
2024-07-10 13:00:00,"292,64947399604875","394,690002",3,2,2024-07-10
2024-07-10 14:00:00,"339,5770882521033","441,089996",3,2,2024-07-10
2024-07-10 15:00:00,"461,4004204653222","597,820007",3,2,2024-07-10
2024-07-10 16:00:00,"575,8571724159492","595,059998",3,2,2024-07-10
2024-07-10 17:00:00,"641,1155800311466","743,880005",3,2,2024-07-10
2024-07-10 18:00:00,"904,8301246262131","872,780029",3,2,2024-07-10
2024-07-10 19:00:00,"1193,56232841429","1122,75",3,2,2024-07-10
2024-07-10 20:00:00,"1346,6705734854672","850,179993",3,2,2024-07-10
2024-07-10 21:00:00,"1403,3477414061524","693,150024",3,2,2024-07-10
2024-07-10 22:00:00,"798,1606583370854","716,380005",3,2,2024-07-10
2024-07-10 23:00:00,"601,1991430811663","596,48999",3,2,2024-07-10
2024-07-11 00:00:00,"460,04006694949663","574,919983",3,2,2024-07-11
2024-07-11 01:00:00,"447,0038863705127","593,869995",3,2,2024-07-11
2024-07-11 02:00:00,"405,31506920904195","599,169983",3,2,2024-07-11
2024-07-11 03:00:00,"378,14253517993757","611,630005",3,2,2024-07-11
2024-07-11 04:00:00,"594,6159319807912","801,72998",3,2,2024-07-11
2024-07-11 05:00:00,"658,013073935063","895,289978",3,2,2024-07-11
2024-07-11 06:00:00,"618,9719736201658","794,789978",3,2,2024-07-11
2024-07-11 07:00:00,"467,69154735188306","664,830017",3,2,2024-07-11
2024-07-11 08:00:00,"335,21028679639954","602,01001",3,2,2024-07-11
2024-07-11 09:00:00,"247,96387943535498","496,880005",3,2,2024-07-11
2024-07-11 10:00:00,"223,2504398113299","428,540009",3,2,2024-07-11
2024-07-11 11:00:00,"207,5357547573507","355,880005",3,2,2024-07-11
2024-07-11 12:00:00,"174,43160748228973","331,850006",3,2,2024-07-11
2024-07-11 13:00:00,"230,46691827768555","373,779999",3,2,2024-07-11
2024-07-11 14:00:00,"258,35010962648437","454,959991",3,2,2024-07-11
2024-07-11 15:00:00,"391,38100751799146","611,109985",3,2,2024-07-11
2024-07-11 16:00:00,"492,51999456631233","683,25",3,2,2024-07-11
2024-07-11 17:00:00,"670,3746831009973","872,909973",3,2,2024-07-11
2024-07-11 18:00:00,"1057,1107173599369","1375,23999",3,2,2024-07-11
2024-07-11 19:00:00,"1069,6172070023722","1244,0",3,2,2024-07-11
2024-07-11 20:00:00,"785,424339610013","907,150024",3,2,2024-07-11
2024-07-11 21:00:00,"644,7032543793433","732,049988",3,2,2024-07-11
2024-07-11 22:00:00,"554,4978891019131","764,130005",3,2,2024-07-11
2024-07-11 23:00:00,"470,9061738080363","651,400024",3,2,2024-07-11
2024-07-12 00:00:00,"471,6665467896401","609,619995",3,2,2024-07-12
2024-07-12 01:00:00,"461,66438915723666","596,710022",3,2,2024-07-12
2024-07-12 02:00:00,"437,9330126942789","570,0",3,2,2024-07-12
2024-07-12 03:00:00,"444,6931098653903","592,159973",3,2,2024-07-12
2024-07-12 04:00:00,"586,5864036529082","805,309998",3,2,2024-07-12
2024-07-12 05:00:00,"655,9372396397935","820,080017",3,2,2024-07-12
2024-07-12 06:00:00,"612,247896601649","817,690002",3,2,2024-07-12
2024-07-12 07:00:00,"464,87838130772633","763,97998",3,2,2024-07-12
2024-07-12 08:00:00,"315,46339223993385","715,26001",3,2,2024-07-12
2024-07-12 09:00:00,"210,26649409345836","670,200012",3,2,2024-07-12
2024-07-12 10:00:00,"186,5943888133604","621,099976",3,2,2024-07-12
2024-07-12 11:00:00,"174,05627505430482","586,409973",3,2,2024-07-12
2024-07-12 12:00:00,"184,2174791383247","582,22998",3,2,2024-07-12
2024-07-12 13:00:00,"186,63452554543616","583,349976",3,2,2024-07-12
2024-07-12 14:00:00,"231,35127715339604","624,159973",3,2,2024-07-12
2024-07-12 15:00:00,"280,2723155412789","589,400024",3,2,2024-07-12
2024-07-12 16:00:00,"420,37692413340255","671,840027",3,2,2024-07-12
2024-07-12 17:00:00,"558,5588026999651","720,849976",3,2,2024-07-12
2024-07-12 18:00:00,"633,9675786889993","683,400024",3,2,2024-07-12
2024-07-12 19:00:00,"647,4065674146133","705,859985",3,2,2024-07-12
2024-07-12 20:00:00,"649,2650465054147","639,090027",3,2,2024-07-12
2024-07-12 21:00:00,"610,0273296007881","522,330017",3,2,2024-07-12
2024-07-12 22:00:00,"589,5165078274838","251,740005",3,2,2024-07-12
2024-07-12 23:00:00,"578,5742250278186","242,940002",3,2,2024-07-12
2024-07-13 00:00:00,"577,7953816663698","259,869995",3,2,2024-07-13
2024-07-13 01:00:00,"493,02657837355525","247,710007",3,2,2024-07-13
2024-07-13 02:00:00,"472,47917153972435","243,610001",3,2,2024-07-13
2024-07-13 03:00:00,"403,36967908199455","231,149994",3,2,2024-07-13
2024-07-13 04:00:00,"360,5652969374509","227,860001",3,2,2024-07-13
2024-07-13 05:00:00,"339,65686035015614","207,570007",3,2,2024-07-13
2024-07-13 06:00:00,"284,9910275555194","198,470001",3,2,2024-07-13
2024-07-13 07:00:00,"168,53925231604964","156,460007",3,2,2024-07-13
2024-07-13 08:00:00,"48,1134612692527","38,5",3,2,2024-07-13
2024-07-13 09:00:00,"22,50988668527722","0,3",3,2,2024-07-13
2024-07-13 10:00:00,"4,292475087251186","-0,07",3,2,2024-07-13
2024-07-13 11:00:00,"-61,34512402221263","-6,49",3,2,2024-07-13
2024-07-13 12:00:00,"-75,17996324680729","-6,04",3,2,2024-07-13
2024-07-13 13:00:00,"-47,02018969738652","-0,45",3,2,2024-07-13
2024-07-13 14:00:00,"-1,927361735171177","10,52",3,2,2024-07-13
2024-07-13 15:00:00,"332,81405450489314","-0,07",3,2,2024-07-13
2024-07-13 16:00:00,"444,2800342522638","214,660004",3,2,2024-07-13
2024-07-13 17:00:00,"586,3546396351888","375,519989",3,2,2024-07-13
2024-07-13 18:00:00,"637,25733309167","562,950012",3,2,2024-07-13
2024-07-13 19:00:00,"611,8482506545838","568,98999",3,2,2024-07-13
2024-07-13 20:00:00,"560,0352176930796","588,23999",3,2,2024-07-13
2024-07-13 21:00:00,"476,0881693635798","470,049988",3,2,2024-07-13
2024-07-13 22:00:00,"400,5949816453096","663,700012",3,2,2024-07-13
2024-07-13 23:00:00,"353,9160127121467","471,48999",3,2,2024-07-13
2024-07-14 00:00:00,"346,73082537111094","413,73999",3,2,2024-07-14
2024-07-14 01:00:00,"344,9334015914647","330,540009",3,2,2024-07-14
2024-07-14 02:00:00,"322,9620850127915","283,01001",3,2,2024-07-14
2024-07-14 03:00:00,"288,80339472502544","274,660004",3,2,2024-07-14
2024-07-14 04:00:00,"234,14722762398142","238,470001",3,2,2024-07-14
2024-07-14 05:00:00,"157,67529667849766","106,550003",3,2,2024-07-14
2024-07-14 06:00:00,"77,19069263487239","2,16",3,2,2024-07-14
2024-07-14 07:00:00,"28,756430537774012","-17,09",3,2,2024-07-14
2024-07-14 08:00:00,"17,076158510142395","-22,530001",3,2,2024-07-14
2024-07-14 09:00:00,"6,173387345108532","-25,370001",3,2,2024-07-14
2024-07-14 10:00:00,"-13,864519395317659","-31,49",3,2,2024-07-14
2024-07-14 11:00:00,"-31,91381187676798","-38,5",3,2,2024-07-14
2024-07-14 12:00:00,"-34,95128317256554","-47,830002",3,2,2024-07-14
2024-07-14 13:00:00,"-30,544609574560535","-39,990002",3,2,2024-07-14
2024-07-14 14:00:00,"-3,8260190867546897","-75,809998",3,2,2024-07-14
2024-07-14 15:00:00,"359,3934846186803","-0,37",3,2,2024-07-14
2024-07-14 16:00:00,"373,31478182053365","347,26001",3,2,2024-07-14
2024-07-14 17:00:00,"489,2263438236587","654,820007",3,2,2024-07-14
2024-07-14 18:00:00,"834,7355941772397","841,650024",3,2,2024-07-14
2024-07-14 19:00:00,"855,4429913128215","806,059998",3,2,2024-07-14
2024-07-14 20:00:00,"794,7923521131379","789,719971",3,2,2024-07-14
2024-07-14 21:00:00,"708,6228464133238","649,590027",3,2,2024-07-14
2024-07-14 22:00:00,"671,6499642522543","592,070007",3,2,2024-07-14
2024-07-14 23:00:00,"602,1190520154331","494,25",3,2,2024-07-14
2024-07-15 00:00:00,"544,1812162016544","434,029999",3,3,2024-07-15
2024-07-15 01:00:00,"579,4522993079559","361,059998",3,3,2024-07-15
2024-07-15 02:00:00,"578,5491423931176","388,73999",3,3,2024-07-15
2024-07-15 03:00:00,"592,1277001556587","482,160004",3,3,2024-07-15
2024-07-15 04:00:00,"628,4818265210321","482,609985",3,3,2024-07-15
2024-07-15 05:00:00,"704,177619827155","482,380005",3,3,2024-07-15
2024-07-15 06:00:00,"747,2610690445543","482,079987",3,3,2024-07-15
2024-07-15 07:00:00,"671,821664309862","299,200012",3,3,2024-07-15
2024-07-15 08:00:00,"515,4436873013619","265,029999",3,3,2024-07-15
2024-07-15 09:00:00,"404,77040743591147","84,239998",3,3,2024-07-15
2024-07-15 10:00:00,"338,9080596131079","0,52",3,3,2024-07-15
2024-07-15 11:00:00,"315,2230481542056","-0,07",3,3,2024-07-15
2024-07-15 12:00:00,"247,35256535127658","-0,52",3,3,2024-07-15
2024-07-15 13:00:00,"275,86585523303745","26,41",3,3,2024-07-15
2024-07-15 14:00:00,"346,51558813639895","330,470001",3,3,2024-07-15
2024-07-15 15:00:00,"455,65017942464476","611,840027",3,3,2024-07-15
2024-07-15 16:00:00,"594,681724001208","853,219971",3,3,2024-07-15
2024-07-15 17:00:00,"671,6849833404721","1389,619995",3,3,2024-07-15
2024-07-15 18:00:00,"1009,3274849697489","1598,540039",3,3,2024-07-15
2024-07-15 19:00:00,"1061,399786631207","1050,27002",3,3,2024-07-15
2024-07-15 20:00:00,"840,0553279325659","690,030029",3,3,2024-07-15
2024-07-15 21:00:00,"663,5365464672485","597,659973",3,3,2024-07-15
2024-07-15 22:00:00,"670,3494197634818","571,47998",3,3,2024-07-15
2024-07-15 23:00:00,"634,9819727553607","475,829987",3,3,2024-07-15
2024-07-16 00:00:00,"632,2766405854284","391,660004",3,3,2024-07-16
2024-07-16 01:00:00,"630,5862212296284","274,73999",3,3,2024-07-16
2024-07-16 02:00:00,"623,9980980932953","284,730011",3,3,2024-07-16
2024-07-16 03:00:00,"658,3780432502405","375,470001",3,3,2024-07-16
2024-07-16 04:00:00,"710,4534811037586","531,859985",3,3,2024-07-16
2024-07-16 05:00:00,"771,9880647467184","593,049988",3,3,2024-07-16
2024-07-16 06:00:00,"736,5747684677253","568,349976",3,3,2024-07-16
2024-07-16 07:00:00,"560,118180983","468,359985",3,3,2024-07-16
2024-07-16 08:00:00,"434,65348986635973","160,350006",3,3,2024-07-16
2024-07-16 09:00:00,"312,27382116553133","10,67",3,3,2024-07-16
2024-07-16 10:00:00,"243,58527829365488","15,15",3,3,2024-07-16
2024-07-16 11:00:00,"203,89831307526865","98,489998",3,3,2024-07-16
2024-07-16 12:00:00,"179,5989692300881","30,290001",3,3,2024-07-16
2024-07-16 13:00:00,"225,95878089178066","10,97",3,3,2024-07-16
2024-07-16 14:00:00,"339,64215936500665","-0,07",3,3,2024-07-16
2024-07-16 15:00:00,"498,4696902730019","165,050003",3,3,2024-07-16
2024-07-16 16:00:00,"623,1973307617703","470,230011",3,3,2024-07-16
2024-07-16 17:00:00,"886,9527649508345","611,780029",3,3,2024-07-16
2024-07-16 18:00:00,"991,8614450499143","907,330017",3,3,2024-07-16
2024-07-16 19:00:00,"845,8478645306667","852,710022",3,3,2024-07-16
2024-07-16 20:00:00,"742,6821632295031","789,51001",3,3,2024-07-16
2024-07-16 21:00:00,"601,2305434773294","629,090027",3,3,2024-07-16
2024-07-16 22:00:00,"639,1390545661562","652,109985",3,3,2024-07-16
2024-07-16 23:00:00,"675,9406890695224","544,52002",3,3,2024-07-16
2024-07-17 00:00:00,"753,4500491633199","543,330017",3,3,2024-07-17
2024-07-17 01:00:00,"788,6443680149189","526,23999",3,3,2024-07-17
2024-07-17 02:00:00,"1024,9243990927835","530,119995",3,3,2024-07-17
2024-07-17 03:00:00,"1273,1442963728803","577,799988",3,3,2024-07-17
2024-07-17 04:00:00,"1605,2904693160622","671,880005",3,3,2024-07-17
2024-07-17 05:00:00,"1797,036955336675","744,330017",3,3,2024-07-17
2024-07-17 06:00:00,"1503,7626507557115","788,650024",3,3,2024-07-17
2024-07-17 07:00:00,"813,7298999897679","575,559998",3,3,2024-07-17
2024-07-17 08:00:00,"614,7824537724973","434,170013",3,3,2024-07-17
2024-07-17 09:00:00,"381,70457845014323","311,51001",3,3,2024-07-17
2024-07-17 10:00:00,"313,65835324130495","243,160004",3,3,2024-07-17
2024-07-17 11:00:00,"300,8774967418559","163,029999",3,3,2024-07-17
2024-07-17 12:00:00,"316,5461740754102","80,580002",3,3,2024-07-17
2024-07-17 13:00:00,"359,55341796047315","100,5",3,3,2024-07-17
2024-07-17 14:00:00,"423,10875023331596","290,089996",3,3,2024-07-17
2024-07-17 15:00:00,"574,9675591887894","460,209991",3,3,2024-07-17
2024-07-17 16:00:00,"623,6087041443178","618,76001",3,3,2024-07-17
2024-07-17 17:00:00,"773,527376911145","797,530029",3,3,2024-07-17
2024-07-17 18:00:00,"1074,4859248458765","984,280029",3,3,2024-07-17
2024-07-17 19:00:00,"1170,408278552487","1044,790039",3,3,2024-07-17
2024-07-17 20:00:00,"1288,174244825964","857,369995",3,3,2024-07-17
2024-07-17 21:00:00,"1371,5517092845798","687,700012",3,3,2024-07-17
2024-07-17 22:00:00,"790,9920687957871","506,570007",3,3,2024-07-17
2024-07-17 23:00:00,"570,7279024286612","544,679993",3,3,2024-07-17
2024-07-18 00:00:00,"451,4527023417491","493,589996",3,3,2024-07-18
2024-07-18 01:00:00,"447,03237828887774","491,200012",3,3,2024-07-18
2024-07-18 02:00:00,"415,57297839665495","466,880005",3,3,2024-07-18
2024-07-18 03:00:00,"433,9107055140367","298,369995",3,3,2024-07-18
2024-07-18 04:00:00,"603,0755502917668","650,309998",3,3,2024-07-18
2024-07-18 05:00:00,"614,5077292479438","704,909973",3,3,2024-07-18
2024-07-18 06:00:00,"590,1427368509895","506,269989",3,3,2024-07-18
2024-07-18 07:00:00,"495,8538091511273","351,339996",3,3,2024-07-18
2024-07-18 08:00:00,"375,4394967163902","270,779999",3,3,2024-07-18
2024-07-18 09:00:00,"297,16923639172376","253,470001",3,3,2024-07-18
2024-07-18 10:00:00,"238,7554146774318","253,25",3,3,2024-07-18
2024-07-18 11:00:00,"201,56812353449845","252,800003",3,3,2024-07-18
2024-07-18 12:00:00,"168,63006088572732","254,360001",3,3,2024-07-18
2024-07-18 13:00:00,"205,2781436151874","260,929993",3,3,2024-07-18
2024-07-18 14:00:00,"220,04571303110134","197,080002",3,3,2024-07-18
2024-07-18 15:00:00,"357,7154837348143","637,630005",3,3,2024-07-18
2024-07-18 16:00:00,"435,69296694971746","686,26001",3,3,2024-07-18
2024-07-18 17:00:00,"612,5385001184974","952,26001",3,3,2024-07-18
2024-07-18 18:00:00,"1048,8149687896014","1382,819946",3,3,2024-07-18
2024-07-18 19:00:00,"1130,7928322180865","1318,290039",3,3,2024-07-18
2024-07-18 20:00:00,"831,6182885410202","891,690002",3,3,2024-07-18
2024-07-18 21:00:00,"654,7805024824935","760,26001",3,3,2024-07-18
2024-07-18 22:00:00,"557,0251369932358","672,26001",3,3,2024-07-18
2024-07-18 23:00:00,"493,7849042136332","600,200012",3,3,2024-07-18
2024-07-19 00:00:00,"465,0411300114476","596,169983",3,3,2024-07-19
2024-07-19 01:00:00,"453,03999710319675","583,47998",3,3,2024-07-19
2024-07-19 02:00:00,"432,002702771685","606,390015",3,3,2024-07-19
2024-07-19 03:00:00,"457,75740436644776","667,039978",3,3,2024-07-19
2024-07-19 04:00:00,"611,5298797979216","827,289978",3,3,2024-07-19
2024-07-19 05:00:00,"636,4551344621897","810,72998",3,3,2024-07-19
2024-07-19 06:00:00,"577,7872471452871","734,109985",3,3,2024-07-19
2024-07-19 07:00:00,"450,823171822294","607,51001",3,3,2024-07-19
2024-07-19 08:00:00,"311,06653651041785","522,22998",3,3,2024-07-19
2024-07-19 09:00:00,"219,13897720966773","438,299988",3,3,2024-07-19
2024-07-19 10:00:00,"186,05128005520547","330,799988",3,3,2024-07-19
2024-07-19 11:00:00,"170,54390317083795","272,309998",3,3,2024-07-19
2024-07-19 12:00:00,"161,14443929011486","270,070007",3,3,2024-07-19
2024-07-19 13:00:00,"159,8651856852775","317,369995",3,3,2024-07-19
2024-07-19 14:00:00,"215,32528524821763","475,899994",3,3,2024-07-19
2024-07-19 15:00:00,"239,93310613490902","576,98999",3,3,2024-07-19
2024-07-19 16:00:00,"321,38113659931327","683,460022",3,3,2024-07-19
2024-07-19 17:00:00,"432,74721906351084","888,099976",3,3,2024-07-19
2024-07-19 18:00:00,"553,9659944370073","1358,410034",3,3,2024-07-19
2024-07-19 19:00:00,"626,0579993697826","895,26001",3,3,2024-07-19
2024-07-19 20:00:00,"673,9695765107929","797,22998",3,3,2024-07-19
2024-07-19 21:00:00,"663,0781296773612","683,01001",3,3,2024-07-19
2024-07-19 22:00:00,"618,3856677717222","706,789978",3,3,2024-07-19
2024-07-19 23:00:00,"562,7816035145015","667,099976",3,3,2024-07-19
2024-07-20 00:00:00,"488,96594502640403","658,440002",3,3,2024-07-20
2024-07-20 01:00:00,"468,4166205380876","670,599976",3,3,2024-07-20
2024-07-20 02:00:00,"445,49451523408266","703,130005",3,3,2024-07-20
2024-07-20 03:00:00,"375,19413372765086","699,849976",3,3,2024-07-20
2024-07-20 04:00:00,"328,6766854743696","665,159973",3,3,2024-07-20
2024-07-20 05:00:00,"297,72902531296836","641,580017",3,3,2024-07-20
2024-07-20 06:00:00,"225,96123311311828","508,850006",3,3,2024-07-20
2024-07-20 07:00:00,"134,35754904326078","371,559998",3,3,2024-07-20
2024-07-20 08:00:00,"32,979148574216545","38,419998",3,3,2024-07-20
2024-07-20 09:00:00,"4,690935012064667","0,0",3,3,2024-07-20
2024-07-20 10:00:00,"-41,40605690015625","-1,57",3,3,2024-07-20
2024-07-20 11:00:00,"-52,88953922997037","0,15",3,3,2024-07-20
2024-07-20 12:00:00,"-74,67029545817401","-1,87",3,3,2024-07-20
2024-07-20 13:00:00,"-57,62683822918774","-20,219999",3,3,2024-07-20
2024-07-20 14:00:00,"-3,8260190867546897","18,059999",3,3,2024-07-20
2024-07-20 15:00:00,"282,2873501324873","390,140015",3,3,2024-07-20
2024-07-20 16:00:00,"310,7998688935108","634,190002",3,3,2024-07-20
2024-07-20 17:00:00,"397,28438880272296","817,440002",3,3,2024-07-20
2024-07-20 18:00:00,"445,8107345542546","1005,380005",3,3,2024-07-20
2024-07-20 19:00:00,"475,1940877606862","811,840027",3,3,2024-07-20
2024-07-20 20:00:00,"474,57452466646106","627,47998",3,3,2024-07-20
2024-07-20 21:00:00,"417,52168532607567","555,929993",3,3,2024-07-20
2024-07-20 22:00:00,"397,0205693093139","474,790009",3,3,2024-07-20
2024-07-20 23:00:00,"314,92209442080275","420,089996",3,3,2024-07-20
2024-07-21 00:00:00,"305,8933377743159","411,880005",3,3,2024-07-21
2024-07-21 01:00:00,"254,46656736573524","450,540009",3,3,2024-07-21
2024-07-21 02:00:00,"233,30301123965063","496,570007",3,3,2024-07-21
2024-07-21 03:00:00,"211,56694609730752","561,419983",3,3,2024-07-21
2024-07-21 04:00:00,"180,56490923721904","480,529999",3,3,2024-07-21
2024-07-21 05:00:00,"95,16042100919798","421,809998",3,3,2024-07-21
2024-07-21 06:00:00,"30,811021823528193","363,230011",3,3,2024-07-21
2024-07-21 07:00:00,"17,076158510142395","78,870003",3,3,2024-07-21
2024-07-21 08:00:00,"-3,362375233235611","0,52",3,3,2024-07-21
2024-07-21 09:00:00,"-31,50438436303336","0,22",3,3,2024-07-21
2024-07-21 10:00:00,"-48,7078899285912","0,15",3,3,2024-07-21
2024-07-21 11:00:00,"-55,573305982252535","-0,45",3,3,2024-07-21
2024-07-21 12:00:00,"-54,63880575421903","-1,34",3,3,2024-07-21
2024-07-21 13:00:00,"-57,73723447540247","0,3",3,3,2024-07-21
2024-07-21 14:00:00,"-38,90938509135526","0,82",3,3,2024-07-21
2024-07-21 15:00:00,"345,869609861209","446,279999",3,3,2024-07-21
2024-07-21 16:00:00,"371,86637356755426","600,289978",3,3,2024-07-21
2024-07-21 17:00:00,"368,54920070725245","807,880005",3,3,2024-07-21
2024-07-21 18:00:00,"621,9374947526815","841,150024",3,3,2024-07-21
2024-07-21 19:00:00,"672,0311829537803","919,950012",3,3,2024-07-21
2024-07-21 20:00:00,"715,8156911182704","814,590027",3,3,2024-07-21
2024-07-21 21:00:00,"682,3299583962231","672,73999",3,3,2024-07-21
2024-07-21 22:00:00,"624,5735473570594","901,669983",3,3,2024-07-21
2024-07-21 23:00:00,"554,2317271236244","721,02002",3,3,2024-07-21
2024-07-22 00:00:00,"501,1419914013011","648,27002",3,4,2024-07-22
2024-07-22 01:00:00,"526,5163093601133","648,640015",3,4,2024-07-22
2024-07-22 02:00:00,"535,3487235898479","610,659973",3,4,2024-07-22
2024-07-22 03:00:00,"591,4917250002601","591,859985",3,4,2024-07-22
2024-07-22 04:00:00,"597,7155328770452","811,159973",3,4,2024-07-22
2024-07-22 05:00:00,"618,3958772139076","896,070007",3,4,2024-07-22
2024-07-22 06:00:00,"667,6260772287346","852,719971",3,4,2024-07-22
2024-07-22 07:00:00,"604,2983954232158","703,929993",3,4,2024-07-22
2024-07-22 08:00:00,"465,1731438749605","473,290009",3,4,2024-07-22
2024-07-22 09:00:00,"352,8322608793875","291,600006",3,4,2024-07-22
2024-07-22 10:00:00,"262,7726409677385","191,089996",3,4,2024-07-22
2024-07-22 11:00:00,"217,97232309843707","174,300003",3,4,2024-07-22
2024-07-22 12:00:00,"183,62966308943737","144,830002",3,4,2024-07-22
2024-07-22 13:00:00,"218,80138948355375","152,070007",3,4,2024-07-22
2024-07-22 14:00:00,"277,2386595738277","170,279999",3,4,2024-07-22
2024-07-22 15:00:00,"325,31481019438644","463,820007",3,4,2024-07-22
2024-07-22 16:00:00,"375,4417486490687","603,719971",3,4,2024-07-22
2024-07-22 17:00:00,"641,3391574818595","739,0",3,4,2024-07-22
2024-07-22 18:00:00,"1051,96453975664","1043,660034",3,4,2024-07-22
2024-07-22 19:00:00,"1065,6756898570497","1046,569946",3,4,2024-07-22
2024-07-22 20:00:00,"779,3315701890507","828,539978",3,4,2024-07-22
2024-07-22 21:00:00,"635,6560089350602","712,73999",3,4,2024-07-22
2024-07-22 22:00:00,"634,423047145146","618,22998",3,4,2024-07-22
2024-07-22 23:00:00,"596,7667817453073","559,349976",3,4,2024-07-22
2024-07-23 00:00:00,"555,0258879883436","547,630005",3,4,2024-07-23
2024-07-23 01:00:00,"497,9001811687267","508,380005",3,4,2024-07-23
2024-07-23 02:00:00,"494,5833360583798","526,52002",3,4,2024-07-23
2024-07-23 03:00:00,"540,2966708849725","549,799988",3,4,2024-07-23
2024-07-23 04:00:00,"661,2063239695689","745,450012",3,4,2024-07-23
2024-07-23 05:00:00,"696,5380832618185","865,590027",3,4,2024-07-23
2024-07-23 06:00:00,"695,5014554751301","824,179993",3,4,2024-07-23
2024-07-23 07:00:00,"532,4067365154839","651,359985",3,4,2024-07-23
2024-07-23 08:00:00,"375,8181595730569","513,909973",3,4,2024-07-23
2024-07-23 09:00:00,"262,9685250636624","457,940002",3,4,2024-07-23
2024-07-23 10:00:00,"229,171872350548","324,0",3,4,2024-07-23
2024-07-23 11:00:00,"193,6117322799211","285,720001",3,4,2024-07-23
2024-07-23 12:00:00,"170,4493322777568","268,709991",3,4,2024-07-23
2024-07-23 13:00:00,"199,14022599131968","313,100006",3,4,2024-07-23
2024-07-23 14:00:00,"267,5314187742563","483,980011",3,4,2024-07-23
2024-07-23 15:00:00,"409,7310673968324","593,450012",3,4,2024-07-23
2024-07-23 16:00:00,"538,9056924814721","596,359985",3,4,2024-07-23
2024-07-23 17:00:00,"709,7296521092259","716,570007",3,4,2024-07-23
2024-07-23 18:00:00,"888,8316973092541","872,530029",3,4,2024-07-23
2024-07-23 19:00:00,"805,2719003653931","761,200012",3,4,2024-07-23
2024-07-23 20:00:00,"739,2138368625856","740,450012",3,4,2024-07-23
2024-07-23 21:00:00,"590,4115671049934","683,369995",3,4,2024-07-23
2024-07-23 22:00:00,"500,15676839354944","623,359985",3,4,2024-07-23
2024-07-23 23:00:00,"464,7821252629653","584,419983",3,4,2024-07-23
2024-07-24 00:00:00,"462,85056614911645","541,369995",3,4,2024-07-24
2024-07-24 01:00:00,"463,59613546337334","549,130005",3,4,2024-07-24
2024-07-24 02:00:00,"491,0417394634554","423,630005",3,4,2024-07-24
2024-07-24 03:00:00,"527,2335928039903","299,179993",3,4,2024-07-24
2024-07-24 04:00:00,"590,247062922876","323,429993",3,4,2024-07-24
2024-07-24 05:00:00,"550,8677841715055","336,190002",3,4,2024-07-24
2024-07-24 06:00:00,"536,8706983531289","429,079987",3,4,2024-07-24
2024-07-24 07:00:00,"552,5659247932919","270,23999",3,4,2024-07-24
2024-07-24 08:00:00,"472,0589564429513","186,520004",3,4,2024-07-24
2024-07-24 09:00:00,"414,1483259780562","158,100006",3,4,2024-07-24
2024-07-24 10:00:00,"367,40107589350106","11,79",3,4,2024-07-24
2024-07-24 11:00:00,"330,0190631291344","-1,12",3,4,2024-07-24
2024-07-24 12:00:00,"322,0799420358361","-15,37",3,4,2024-07-24
2024-07-24 13:00:00,"330,60404238453395","-14,62",3,4,2024-07-24
2024-07-24 14:00:00,"354,50752056517825","16,49",3,4,2024-07-24
2024-07-24 15:00:00,"447,1663735059256","292,98999",3,4,2024-07-24
2024-07-24 16:00:00,"554,522823237689","387,149994",3,4,2024-07-24
2024-07-24 17:00:00,"770,7620331046226","668,5",3,4,2024-07-24
2024-07-24 18:00:00,"1062,256411082781","809,659973",3,4,2024-07-24
2024-07-24 19:00:00,"1056,2196916772186","881,210022",3,4,2024-07-24
2024-07-24 20:00:00,"786,0081779591135","813,320007",3,4,2024-07-24
2024-07-24 21:00:00,"642,8466657474254","631,570007",3,4,2024-07-24
2024-07-24 22:00:00,"616,2971482347757","624,570007",3,4,2024-07-24
2024-07-24 23:00:00,"503,6975379605446","578,299988",3,4,2024-07-24
2024-07-25 00:00:00,"452,2271119918722","567,859985",3,4,2024-07-25
2024-07-25 01:00:00,"433,32314838647494","596,359985",3,4,2024-07-25
2024-07-25 02:00:00,"406,3762891325995","570,090027",3,4,2024-07-25
2024-07-25 03:00:00,"384,0613290503378","690,460022",3,4,2024-07-25
2024-07-25 04:00:00,"385,97413698170595","792,159973",3,4,2024-07-25
2024-07-25 05:00:00,"444,6168933935571","813,580017",3,4,2024-07-25
2024-07-25 06:00:00,"478,0091368629439","678,890015",3,4,2024-07-25
2024-07-25 07:00:00,"461,17050733402874","537,109985",3,4,2024-07-25
2024-07-25 08:00:00,"363,5104497159557","411,0",3,4,2024-07-25
2024-07-25 09:00:00,"291,5461856728419","275,720001",3,4,2024-07-25
2024-07-25 10:00:00,"215,364909986556","181,399994",3,4,2024-07-25
2024-07-25 11:00:00,"175,31374029156467","129,539993",3,4,2024-07-25
2024-07-25 12:00:00,"179,257535645436","99,019997",3,4,2024-07-25
2024-07-25 13:00:00,"203,8999961568729","195,5",3,4,2024-07-25
2024-07-25 14:00:00,"227,41607779265422","401,450012",3,4,2024-07-25
2024-07-25 15:00:00,"302,02778493017905","596,960022",3,4,2024-07-25
2024-07-25 16:00:00,"362,66910912934037","723,809998",3,4,2024-07-25
2024-07-25 17:00:00,"455,3599826419221","894,690002",3,4,2024-07-25
2024-07-25 18:00:00,"583,070851216966","1106,609985",3,4,2024-07-25
2024-07-25 19:00:00,"631,492270323488","969,830017",3,4,2024-07-25
2024-07-25 20:00:00,"678,5955258750879","746,200012",3,4,2024-07-25
2024-07-25 21:00:00,"638,1727662709676","633,890015",3,4,2024-07-25
2024-07-25 22:00:00,"555,2307363816016","604,460022",3,4,2024-07-25
2024-07-25 23:00:00,"458,7948377033699","548,48999",3,4,2024-07-25
2024-07-26 00:00:00,"450,7956930304674","559,76001",3,4,2024-07-26
2024-07-26 01:00:00,"447,0966287187515","576,849976",3,4,2024-07-26
2024-07-26 02:00:00,"430,1349135797908","573,859985",3,4,2024-07-26
2024-07-26 03:00:00,"437,7281496129463","596,919983",3,4,2024-07-26
2024-07-26 04:00:00,"510,55555886642003","608,109985",3,4,2024-07-26
2024-07-26 05:00:00,"591,5487048978765","795,940002",3,4,2024-07-26
2024-07-26 06:00:00,"609,2033361434829","776,840027",3,4,2024-07-26
2024-07-26 07:00:00,"492,67070554488566","722,590027",3,4,2024-07-26
2024-07-26 08:00:00,"405,6266849789699","675,570007",3,4,2024-07-26
2024-07-26 09:00:00,"357,36088337636204","607,070007",3,4,2024-07-26
2024-07-26 10:00:00,"316,77992804606055","522,369995",3,4,2024-07-26
2024-07-26 11:00:00,"285,3966070226085","471,029999",3,4,2024-07-26
2024-07-26 12:00:00,"272,1235513025625","449,160004",3,4,2024-07-26
2024-07-26 13:00:00,"280,67254042777046","508,48999",3,4,2024-07-26
2024-07-26 14:00:00,"335,03392599273275","543,559998",3,4,2024-07-26
2024-07-26 15:00:00,"362,198479806154","660,580017",3,4,2024-07-26
2024-07-26 16:00:00,"485,8858330639697","704,01001",3,4,2024-07-26
2024-07-26 17:00:00,"592,9104115041871","804,380005",3,4,2024-07-26
2024-07-26 18:00:00,"725,8817362385162","1068,98999",3,4,2024-07-26
2024-07-26 19:00:00,"771,974484846197","1037,280029",3,4,2024-07-26
2024-07-26 20:00:00,"735,7576715399714","793,929993",3,4,2024-07-26
2024-07-26 21:00:00,"621,0050535544135","730,650024",3,4,2024-07-26
2024-07-26 22:00:00,"573,0715915493117","775,22998",3,4,2024-07-26
2024-07-26 23:00:00,"496,74148066924414","768,890015",3,4,2024-07-26
2024-07-27 00:00:00,"459,3008544149445","723,070007",3,4,2024-07-27
2024-07-27 01:00:00,"431,2196360224489","710,080017",3,4,2024-07-27
2024-07-27 02:00:00,"403,5421815235133","690,01001",3,4,2024-07-27
2024-07-27 03:00:00,"355,60692870990533","673,070007",3,4,2024-07-27
2024-07-27 04:00:00,"324,661288937529","649,929993",3,4,2024-07-27
2024-07-27 05:00:00,"302,23376520836354","615,01001",3,4,2024-07-27
2024-07-27 06:00:00,"209,22871631240244","632,02002",3,4,2024-07-27
2024-07-27 07:00:00,"151,09461115898327","505,0",3,4,2024-07-27
2024-07-27 08:00:00,"49,762505728577004","453,589996",3,4,2024-07-27
2024-07-27 09:00:00,"21,364768748661746","297,76001",3,4,2024-07-27
2024-07-27 10:00:00,"-22,086408983107063","208,960007",3,4,2024-07-27
2024-07-27 11:00:00,"-48,106662917785336","132,839996",3,4,2024-07-27
2024-07-27 12:00:00,"-59,472131372252825","133,729996",3,4,2024-07-27
2024-07-27 13:00:00,"-51,67836489229328","261,350006",3,4,2024-07-27
2024-07-27 14:00:00,"-31,16666555296053","505,380005",3,4,2024-07-27
2024-07-27 15:00:00,"241,12194975244398","649,710022",3,4,2024-07-27
2024-07-27 16:00:00,"233,33492675693807","783,369995",3,4,2024-07-27
2024-07-27 17:00:00,"288,06487232521687","863,140015",3,4,2024-07-27
2024-07-27 18:00:00,"415,34496889547574","908,669983",3,4,2024-07-27
2024-07-27 19:00:00,"436,10971739291375","909,109985",3,4,2024-07-27
2024-07-27 20:00:00,"432,9923694391138","806,719971",3,4,2024-07-27
2024-07-27 21:00:00,"382,17863427880894","730,900024",3,4,2024-07-27
2024-07-27 22:00:00,"374,0855895888619","820,820007",3,4,2024-07-27
2024-07-27 23:00:00,"307,22559162997806","709,780029",3,4,2024-07-27
2024-07-28 00:00:00,"242,1699060857742","658,280029",3,4,2024-07-28
2024-07-28 01:00:00,"215,38243763382968","608,429993",3,4,2024-07-28
2024-07-28 02:00:00,"210,25619524685536","586,119995",3,4,2024-07-28
2024-07-28 03:00:00,"210,32096107328067","591,48999",3,4,2024-07-28
2024-07-28 04:00:00,"180,70508106186753","563,659973",3,4,2024-07-28
2024-07-28 05:00:00,"183,8424964011197","541,869995",3,4,2024-07-28
2024-07-28 06:00:00,"116,9127235330703","190,220001",3,4,2024-07-28
2024-07-28 07:00:00,"32,1044294253277","36,720001",3,4,2024-07-28
2024-07-28 08:00:00,"8,645209078218707","0,0",3,4,2024-07-28
2024-07-28 09:00:00,"-42,25557099794585","-18,129999",3,4,2024-07-28
2024-07-28 10:00:00,"-60,31919549072488","-112,239998",3,4,2024-07-28
2024-07-28 11:00:00,"-63,002308494391556","-222,389999",3,4,2024-07-28
2024-07-28 12:00:00,"-63,002308494391556","-363,359985",3,4,2024-07-28
2024-07-28 13:00:00,"-62,052255955160774","-250,220001",3,4,2024-07-28
2024-07-28 14:00:00,"-38,99237967290914","-99,099998",3,4,2024-07-28
2024-07-28 15:00:00,"348,964163205194","-14,85",3,4,2024-07-28
2024-07-28 16:00:00,"355,7424456481343","181,570007",3,4,2024-07-28
2024-07-28 17:00:00,"357,76680846133587","443,209991",3,4,2024-07-28
2024-07-28 18:00:00,"610,6338747594868","588,580017",3,4,2024-07-28
2024-07-28 19:00:00,"590,7687969127311","579,630005",3,4,2024-07-28
2024-07-28 20:00:00,"541,8620363614125","589,400024",3,4,2024-07-28
2024-07-28 21:00:00,"537,5258157763099","566,200012",3,4,2024-07-28
2024-07-28 22:00:00,"543,3554053877577","513,659973",3,4,2024-07-28
2024-07-28 23:00:00,"562,7081621860846","508,959991",3,4,2024-07-28
2024-09-30 00:00:00,"133,77268290128362","62,630001",4,1,2024-09-30
2024-09-30 01:00:00,"143,65449473634084","41,23",4,1,2024-09-30
2024-09-30 02:00:00,"157,85299160320776","41,830002",4,1,2024-09-30
2024-09-30 03:00:00,"326,37098229227854","126,599998",4,1,2024-09-30
2024-09-30 04:00:00,"366,8261315123749","314,869995",4,1,2024-09-30
2024-09-30 05:00:00,"391,6835370778246","597,22998",4,1,2024-09-30
2024-09-30 06:00:00,"511,6918373733034","597,22998",4,1,2024-09-30
2024-09-30 07:00:00,"545,0143483047516","447,359985",4,1,2024-09-30
2024-09-30 08:00:00,"547,8549162430309","272,73999",4,1,2024-09-30
2024-09-30 09:00:00,"544,3001317515497","155,910004",4,1,2024-09-30
2024-09-30 10:00:00,"548,8615556703229","69,190002",4,1,2024-09-30
2024-09-30 11:00:00,"554,1750054676697","15,36",4,1,2024-09-30
2024-09-30 12:00:00,"570,315143707839","56,889999",4,1,2024-09-30
2024-09-30 13:00:00,"571,4105259544665","163,740005",4,1,2024-09-30
2024-09-30 14:00:00,"561,9392314845703","180,360001",4,1,2024-09-30
2024-09-30 15:00:00,"578,7142379155327","243,960007",4,1,2024-09-30
2024-09-30 16:00:00,"552,2662871108466","268,339996",4,1,2024-09-30
2024-09-30 17:00:00,"543,031966058875","273,119995",4,1,2024-09-30
2024-09-30 18:00:00,"537,8167814216869","270,660004",4,1,2024-09-30
2024-09-30 19:00:00,"521,8804928616195","163,509995",4,1,2024-09-30
2024-09-30 20:00:00,"490,05761992804236","149,199997",4,1,2024-09-30
2024-09-30 21:00:00,"465,8042408794215","73,370003",4,1,2024-09-30
2024-09-30 22:00:00,"448,94783229733935","23,93",4,1,2024-09-30
2024-09-30 23:00:00,"424,8908587559057","0,52",4,1,2024-09-30
2024-10-01 00:00:00,"351,2453005366158","0,37",4,1,2024-10-01
2024-10-01 01:00:00,"232,13998798134145","0,15",4,1,2024-10-01
2024-10-01 02:00:00,"203,42002667292306","0,67",4,1,2024-10-01
2024-10-01 03:00:00,"203,67904699353898","50,700001",4,1,2024-10-01
2024-10-01 04:00:00,"225,43823456344526","249,619995",4,1,2024-10-01
2024-10-01 05:00:00,"294,7919287298389","293,910004",4,1,2024-10-01
2024-10-01 06:00:00,"374,91050583519655","308,079987",4,1,2024-10-01
2024-10-01 07:00:00,"393,2386606749599","309,5",4,1,2024-10-01
2024-10-01 08:00:00,"318,8397599158054","288,170013",4,1,2024-10-01
2024-10-01 09:00:00,"268,04344168116836","260,880005",4,1,2024-10-01
2024-10-01 10:00:00,"224,47126917909617","260,660004",4,1,2024-10-01
2024-10-01 11:00:00,"213,69160036877003","260,880005",4,1,2024-10-01
2024-10-01 12:00:00,"187,36153288370323","260,660004",4,1,2024-10-01
2024-10-01 13:00:00,"204,4007442381797","296,079987",4,1,2024-10-01
2024-10-01 14:00:00,"219,07414944584912","324,779999",4,1,2024-10-01
2024-10-01 15:00:00,"249,91083592892318","393,0",4,1,2024-10-01
2024-10-01 16:00:00,"322,2863375574322","405,600006",4,1,2024-10-01
2024-10-01 17:00:00,"335,73128044007996","421,410004",4,1,2024-10-01
2024-10-01 18:00:00,"324,90638033717175","366,829987",4,1,2024-10-01
2024-10-01 19:00:00,"312,58906346395315","345,429993",4,1,2024-10-01
2024-10-01 20:00:00,"283,786260604791","321,649994",4,1,2024-10-01
2024-10-01 21:00:00,"273,5285006251639","309,940002",4,1,2024-10-01
2024-10-01 22:00:00,"259,1351480741149","432,829987",4,1,2024-10-01
2024-10-01 23:00:00,"225,78406555565587","367,350006",4,1,2024-10-01
2024-10-02 00:00:00,"220,69966924907277","373,540009",4,1,2024-10-02
2024-10-02 01:00:00,"220,14872486414748","365,339996",4,1,2024-10-02
2024-10-02 02:00:00,"222,9228710175274","362,730011",4,1,2024-10-02
2024-10-02 03:00:00,"230,70112682576365","363,470001",4,1,2024-10-02
2024-10-02 04:00:00,"258,59017162564277","596,440002",4,1,2024-10-02
2024-10-02 05:00:00,"328,2289188227623","692,869995",4,1,2024-10-02
2024-10-02 06:00:00,"360,2558821031198","913,830017",4,1,2024-10-02
2024-10-02 07:00:00,"317,3103399728838","701,219971",4,1,2024-10-02
2024-10-02 08:00:00,"278,53482426786655","484,880005",4,1,2024-10-02
2024-10-02 09:00:00,"243,02006505525912","394,420013",4,1,2024-10-02
2024-10-02 10:00:00,"200,26557432875646","431,040009",4,1,2024-10-02
2024-10-02 11:00:00,"165,04454037220125","597,109985",4,1,2024-10-02
2024-10-02 12:00:00,"180,99294098096794","584,659973",4,1,2024-10-02
2024-10-02 13:00:00,"213,56148757552495","607,26001",4,1,2024-10-02
2024-10-02 14:00:00,"242,41973170191966","607,849976",4,1,2024-10-02
2024-10-02 15:00:00,"311,5470805457722","746,48999",4,1,2024-10-02
2024-10-02 16:00:00,"340,4365486039822","872,590027",4,1,2024-10-02
2024-10-02 17:00:00,"362,44557595455416","969,97998",4,1,2024-10-02
2024-10-02 18:00:00,"375,73676386417907","852,900024",4,1,2024-10-02
2024-10-02 19:00:00,"346,5582975314704","719,940002",4,1,2024-10-02
2024-10-02 20:00:00,"337,2742988905494","695,780029",4,1,2024-10-02
2024-10-02 21:00:00,"323,3842576577284","633,880005",4,1,2024-10-02
2024-10-02 22:00:00,"321,23611332490503","502,230011",4,1,2024-10-02
2024-10-02 23:00:00,"321,23611332490503","491,26001",4,1,2024-10-02
2024-10-03 00:00:00,"318,6424137092349","485,890015",4,1,2024-10-03
2024-10-03 01:00:00,"316,20966591442976","478,730011",4,1,2024-10-03
2024-10-03 02:00:00,"316,9310265349062","477,23999",4,1,2024-10-03
2024-10-03 03:00:00,"321,23611332490503","480,369995",4,1,2024-10-03
2024-10-03 04:00:00,"324,17709447381645","488,059998",4,1,2024-10-03
2024-10-03 05:00:00,"338,85866037571367","547,280029",4,1,2024-10-03
2024-10-03 06:00:00,"337,2742988905494","571,900024",4,1,2024-10-03
2024-10-03 07:00:00,"337,2742988905494","543,780029",4,1,2024-10-03
2024-10-03 08:00:00,"321,8649253709914","516,77002",4,1,2024-10-03
2024-10-03 09:00:00,"298,5435065402474","470,230011",4,1,2024-10-03
2024-10-03 10:00:00,"240,82416129273122","351,25",4,1,2024-10-03
2024-10-03 11:00:00,"208,69115602037814","253,460007",4,1,2024-10-03
2024-10-03 12:00:00,"216,0051747254261","291,950012",4,1,2024-10-03
2024-10-03 13:00:00,"260,56090096478476","383,109985",4,1,2024-10-03
2024-10-03 14:00:00,"301,18470939551764","492,609985",4,1,2024-10-03
2024-10-03 15:00:00,"327,4868282792951","669,090027",4,1,2024-10-03
2024-10-03 16:00:00,"331,30078765033613","821,039978",4,1,2024-10-03
2024-10-03 17:00:00,"347,39625115939185","860,200012",4,1,2024-10-03
2024-10-03 18:00:00,"345,98530525863714","807,679993",4,1,2024-10-03
2024-10-03 19:00:00,"337,2742988905494","736,669983",4,1,2024-10-03
2024-10-03 20:00:00,"337,2742988905494","678,48999",4,1,2024-10-03
2024-10-03 21:00:00,"319,0791708677296","607,630005",4,1,2024-10-03
2024-10-03 22:00:00,"300,3385363749869","551,23999",4,1,2024-10-03
2024-10-03 23:00:00,"275,5006555656927","540,950012",4,1,2024-10-03
2024-10-04 00:00:00,"248,23706551926222","537,809998",4,1,2024-10-04
2024-10-04 01:00:00,"241,2607948478305","537,070007",4,1,2024-10-04
2024-10-04 02:00:00,"240,50000989629186","539,530029",4,1,2024-10-04
2024-10-04 03:00:00,"240,50000989629186","575,109985",4,1,2024-10-04
2024-10-04 04:00:00,"240,50000989629186","768,299988",4,1,2024-10-04
2024-10-04 05:00:00,"287,8099340463151","943,890015",4,1,2024-10-04
2024-10-04 06:00:00,"434,3708838086909","1054,890015",4,1,2024-10-04
2024-10-04 07:00:00,"423,55084227021086","867,289978",4,1,2024-10-04
2024-10-04 08:00:00,"350,5015554643902","746,599976",4,1,2024-10-04
2024-10-04 09:00:00,"253,8627325992236","634,039978",4,1,2024-10-04
2024-10-04 10:00:00,"213,90199884259903","559,969971",4,1,2024-10-04
2024-10-04 11:00:00,"156,95293225338952","548,179993",4,1,2024-10-04
2024-10-04 12:00:00,"149,17068182325815","565,559998",4,1,2024-10-04
2024-10-04 13:00:00,"165,40575753767357","589,799988",4,1,2024-10-04
2024-10-04 14:00:00,"227,1510140434818","669,840027",4,1,2024-10-04
2024-10-04 15:00:00,"274,5517053799746","798,890015",4,1,2024-10-04
2024-10-04 16:00:00,"313,61365480980777","984,400024",4,1,2024-10-04
2024-10-04 17:00:00,"338,48182899978406","1111,579956",4,1,2024-10-04
2024-10-04 18:00:00,"338,48182899978406","922,710022",4,1,2024-10-04
2024-10-04 19:00:00,"319,0791708677296","745,179993",4,1,2024-10-04
2024-10-04 20:00:00,"309,94366773369063","745,179993",4,1,2024-10-04
2024-10-04 21:00:00,"292,8705432661131","671,330017",4,1,2024-10-04
2024-10-04 22:00:00,"285,9269173350477","694,340027",4,1,2024-10-04
2024-10-04 23:00:00,"272,9481424039952","631,23999",4,1,2024-10-04
2024-10-05 00:00:00,"245,1744296614482","607,080017",4,1,2024-10-05
2024-10-05 01:00:00,"235,09702602884627","563,380005",4,1,2024-10-05
2024-10-05 02:00:00,"239,20438109300778","564,719971",4,1,2024-10-05
2024-10-05 03:00:00,"240,07182695861584","595,299988",4,1,2024-10-05
2024-10-05 04:00:00,"249,6227500108471","642,880005",4,1,2024-10-05
2024-10-05 05:00:00,"262,37489535380604","748,780029",4,1,2024-10-05
2024-10-05 06:00:00,"272,71415682219765","825,0",4,1,2024-10-05
2024-10-05 07:00:00,"262,8722254736234","768,169983",4,1,2024-10-05
2024-10-05 08:00:00,"167,7464213688197","614,690002",4,1,2024-10-05
2024-10-05 09:00:00,"49,40865541750548","509,160004",4,1,2024-10-05
2024-10-05 10:00:00,"19,548146634639366","383,640015",4,1,2024-10-05
2024-10-05 11:00:00,"7,253587913615738","289,970001",4,1,2024-10-05
2024-10-05 12:00:00,"1,4997039221577426","324,350006",4,1,2024-10-05
2024-10-05 13:00:00,"0,8616358450628182","418,839996",4,1,2024-10-05
2024-10-05 14:00:00,"124,9384981888935","544,280029",4,1,2024-10-05
2024-10-05 15:00:00,"140,44211161186763","690,23999",4,1,2024-10-05
2024-10-05 16:00:00,"170,8253255726073","1029,719971",4,1,2024-10-05
2024-10-05 17:00:00,"304,9622664992312","1028,97998",4,1,2024-10-05
2024-10-05 18:00:00,"320,7406687380406","799,719971",4,1,2024-10-05
2024-10-05 19:00:00,"322,6628970372519","705,299988",4,1,2024-10-05
2024-10-05 20:00:00,"322,6628970372519","633,710022",4,1,2024-10-05
2024-10-05 21:00:00,"323,3842576577284","499,690002",4,1,2024-10-05
2024-10-05 22:00:00,"320,5147527044286","485,420013",4,1,2024-10-05
2024-10-05 23:00:00,"316,20966591442976","452,100006",4,1,2024-10-05
2024-10-06 00:00:00,"316,9310265349062","440,549988",4,1,2024-10-06
2024-10-06 01:00:00,"319,0791708677296","433,320007",4,1,2024-10-06
2024-10-06 02:00:00,"326,19804933784576","424,369995",4,1,2024-10-06
2024-10-06 03:00:00,"337,2742988905494","433,320007",4,1,2024-10-06
2024-10-06 04:00:00,"333,87959241811126","431,829987",4,1,2024-10-06
2024-10-06 05:00:00,"337,2742988905494","524,929993",4,1,2024-10-06
2024-10-06 06:00:00,"323,3842576577284","491,01001",4,1,2024-10-06
2024-10-06 07:00:00,"284,62341352486635","447,700012",4,1,2024-10-06
2024-10-06 08:00:00,"109,77683440465682","262,98999",4,1,2024-10-06
2024-10-06 09:00:00,"31,461437567661697","124,339996",4,1,2024-10-06
2024-10-06 10:00:00,"23,27675567585776","79,690002",4,1,2024-10-06
2024-10-06 11:00:00,"10,341015783339163","41,889999",4,1,2024-10-06
2024-10-06 12:00:00,"5,7644439094453865","16,25",4,1,2024-10-06
2024-10-06 13:00:00,"31,405288651234272","13,34",4,1,2024-10-06
2024-10-06 14:00:00,"172,22978799168214","395,820007",4,1,2024-10-06
2024-10-06 15:00:00,"347,63139992335107","617,070007",4,1,2024-10-06
2024-10-06 16:00:00,"432,2554140534046","792,390015",4,1,2024-10-06
2024-10-06 17:00:00,"503,97410184245894","724,710022",4,1,2024-10-06
2024-10-06 18:00:00,"571,2879164550221","544,01001",4,1,2024-10-06
2024-10-06 19:00:00,"611,6729111780354","442,559998",4,1,2024-10-06
2024-10-06 20:00:00,"624,2390774657541","437,48999",4,1,2024-10-06
2024-10-06 21:00:00,"546,0046537509598","385,459991",4,1,2024-10-06
2024-10-06 22:00:00,"482,61578398950655","257,769989",4,1,2024-10-06
2024-10-06 23:00:00,"450,07386814488297","263,429993",4,1,2024-10-06
2024-10-07 00:00:00,"249,20666441226123","247,850006",4,2,2024-10-07
2024-10-07 01:00:00,"234,02115909666952","224,75",4,2,2024-10-07
2024-10-07 02:00:00,"230,70112682576365","260,529999",4,2,2024-10-07
2024-10-07 03:00:00,"257,82316410831896","291,910004",4,2,2024-10-07
2024-10-07 04:00:00,"300,55628842575675","335,369995",4,2,2024-10-07
2024-10-07 05:00:00,"391,7058443452345","378,299988",4,2,2024-10-07
2024-10-07 06:00:00,"567,4589169752383","414,089996",4,2,2024-10-07
2024-10-07 07:00:00,"566,7277520273348","383,75",4,2,2024-10-07
2024-10-07 08:00:00,"556,942960946093","372,420013",4,2,2024-10-07
2024-10-07 09:00:00,"483,3387998526543","356,309998",4,2,2024-10-07
2024-10-07 10:00:00,"450,8337012425727","340,880005",4,2,2024-10-07
2024-10-07 11:00:00,"402,1119383750779","322,019989",4,2,2024-10-07
2024-10-07 12:00:00,"260,20227561066685","358,399994",4,2,2024-10-07
2024-10-07 13:00:00,"259,29886607433974","458,070007",4,2,2024-10-07
2024-10-07 14:00:00,"264,1716164664486","661,869995",4,2,2024-10-07
2024-10-07 15:00:00,"307,9749658148602","873,640015",4,2,2024-10-07
2024-10-07 16:00:00,"338,5263962078609","1405,060059",4,2,2024-10-07
2024-10-07 17:00:00,"334,6068314189303","1405,359985",4,2,2024-10-07
2024-10-07 18:00:00,"320,9695208521414","909,27002",4,2,2024-10-07
2024-10-07 19:00:00,"283,3848764198843","744,909973",4,2,2024-10-07
2024-10-07 20:00:00,"271,50748944281594","685,119995",4,2,2024-10-07
2024-10-07 21:00:00,"242,42961654627877","589,780029",4,2,2024-10-07
2024-10-07 22:00:00,"227,40409240358417","539,340027",4,2,2024-10-07
2024-10-07 23:00:00,"222,26779483979954","500,119995",4,2,2024-10-07
2024-10-08 00:00:00,"226,17650926849666","477,149994",4,2,2024-10-08
2024-10-08 01:00:00,"222,26779483979954","444,940002",4,2,2024-10-08
2024-10-08 02:00:00,"240,5407353991048","445,089996",4,2,2024-10-08
2024-10-08 03:00:00,"257,5056915023005","502,799988",4,2,2024-10-08
2024-10-08 04:00:00,"311,06921752070394","641,049988",4,2,2024-10-08
2024-10-08 05:00:00,"341,41203844852214","822,98999",4,2,2024-10-08
2024-10-08 06:00:00,"370,051216442664","792,200012",4,2,2024-10-08
2024-10-08 07:00:00,"360,00696599788876","633,820007",4,2,2024-10-08
2024-10-08 08:00:00,"329,1739581184223","598,98999",4,2,2024-10-08
2024-10-08 09:00:00,"321,64624553185075","547,469971",4,2,2024-10-08
2024-10-08 10:00:00,"305,1088115523519","495,940002",4,2,2024-10-08
2024-10-08 11:00:00,"300,36448135691006","529,200012",4,2,2024-10-08
2024-10-08 12:00:00,"269,9969881509231","565,140015",4,2,2024-10-08
2024-10-08 13:00:00,"301,2342991196971","578,119995",4,2,2024-10-08
2024-10-08 14:00:00,"319,7498090545925","694,440002",4,2,2024-10-08
2024-10-08 15:00:00,"378,80583093072295","850,059998",4,2,2024-10-08
2024-10-08 16:00:00,"486,90276806980216","1073,76001",4,2,2024-10-08
2024-10-08 17:00:00,"570,9350357847474","1141,540039",4,2,2024-10-08
2024-10-08 18:00:00,"616,0954060351543","853,119995",4,2,2024-10-08
2024-10-08 19:00:00,"609,6170012454944","707,640015",4,2,2024-10-08
2024-10-08 20:00:00,"593,6237553415656","645,75",4,2,2024-10-08
2024-10-08 21:00:00,"537,3993332509201","504,070007",4,2,2024-10-08
2024-10-08 22:00:00,"546,5745256584605","461,859985",4,2,2024-10-08
2024-10-08 23:00:00,"489,97239647995","447,459991",4,2,2024-10-08
2024-10-09 00:00:00,"474,8403217221996","428,670013",4,2,2024-10-09
2024-10-09 01:00:00,"474,63080451217843","405,100006",4,2,2024-10-09
2024-10-09 02:00:00,"504,5297372953053","427,480011",4,2,2024-10-09
2024-10-09 03:00:00,"546,7851521171355","476,329987",4,2,2024-10-09
2024-10-09 04:00:00,"652,1476456043514","646,590027",4,2,2024-10-09
2024-10-09 05:00:00,"689,725271856944","826,320007",4,2,2024-10-09
2024-10-09 06:00:00,"769,1786688153753","827,659973",4,2,2024-10-09
2024-10-09 07:00:00,"719,3731783158778","648,820007",4,2,2024-10-09
2024-10-09 08:00:00,"570,5055261739783","537,630005",4,2,2024-10-09
2024-10-09 09:00:00,"434,2728121784575","446,720001",4,2,2024-10-09
2024-10-09 10:00:00,"265,98087579681146","445,970001",4,2,2024-10-09
2024-10-09 11:00:00,"222,6983686248477","446,350006",4,2,2024-10-09
2024-10-09 12:00:00,"233,11063962367004","504,369995",4,2,2024-10-09
2024-10-09 13:00:00,"270,93664139466074","575,51001",4,2,2024-10-09
2024-10-09 14:00:00,"311,36945173632733","708,48999",4,2,2024-10-09
2024-10-09 15:00:00,"380,65093814165004","875,909973",4,2,2024-10-09
2024-10-09 16:00:00,"371,8469871302018","913,799988",4,2,2024-10-09
2024-10-09 17:00:00,"375,6106123453448","948,030029",4,2,2024-10-09
2024-10-09 18:00:00,"374,34897126909294","828,179993",4,2,2024-10-09
2024-10-09 19:00:00,"346,5582975314704","714,450012",4,2,2024-10-09
2024-10-09 20:00:00,"333,87959241811126","709,22998",4,2,2024-10-09
2024-10-09 21:00:00,"323,3842576577284","614,070007",4,2,2024-10-09
2024-10-09 22:00:00,"319,0791708677296","456,399994",4,2,2024-10-09
2024-10-09 23:00:00,"319,0791708677296","349,73999",4,2,2024-10-09
2024-10-10 00:00:00,"319,5016527981234","281,559998",4,2,2024-10-10
2024-10-10 01:00:00,"317,3535084653","238,679993",4,2,2024-10-10
2024-10-10 02:00:00,"317,3535084653","221,070007",4,2,2024-10-10
2024-10-10 03:00:00,"320,2230134185999","295,359985",4,2,2024-10-10
2024-10-10 04:00:00,"322,5734239714157","463,179993",4,2,2024-10-10
2024-10-10 05:00:00,"398,9958337265127","633,23999",4,2,2024-10-10
2024-10-10 06:00:00,"407,67659280025305","600,119995",4,2,2024-10-10
2024-10-10 07:00:00,"394,86740134009756","503,459991",4,2,2024-10-10
2024-10-10 08:00:00,"326,1193263691042","387,920013",4,2,2024-10-10
2024-10-10 09:00:00,"278,68238855862563","290,369995",4,2,2024-10-10
2024-10-10 10:00:00,"188,07797189412412","163,270004",4,2,2024-10-10
2024-10-10 11:00:00,"130,29514706369704","118,889999",4,2,2024-10-10
2024-10-10 12:00:00,"146,82057795352108","149,25",4,2,2024-10-10
2024-10-10 13:00:00,"179,50622052470797","277,309998",4,2,2024-10-10
2024-10-10 14:00:00,"259,9228675341762","277,309998",4,2,2024-10-10
2024-10-10 15:00:00,"309,0272644444912","285,140015",4,2,2024-10-10
2024-10-10 16:00:00,"346,7574693188363","294,470001",4,2,2024-10-10
2024-10-10 17:00:00,"375,38460527296775","288,200012",4,2,2024-10-10
2024-10-10 18:00:00,"397,87101867315965","274,630005",4,2,2024-10-10
2024-10-10 19:00:00,"351,75828224185125","263,890015",4,2,2024-10-10
2024-10-10 20:00:00,"325,03194784059303","223,759995",4,2,2024-10-10
2024-10-10 21:00:00,"306,0230575219915","236,289993",4,2,2024-10-10
2024-10-10 22:00:00,"276,130791273363","258,890015",4,2,2024-10-10
2024-10-10 23:00:00,"243,02006505525912","258,959991",4,2,2024-10-10
2024-10-11 00:00:00,"222,36904333502022","261,720001",4,2,2024-10-11
2024-10-11 01:00:00,"218,98935850310133","267,609985",4,2,2024-10-11
2024-10-11 02:00:00,"218,98935850310133","267,839996",4,2,2024-10-11
2024-10-11 03:00:00,"217,02418062209796","274,179993",4,2,2024-10-11
2024-10-11 04:00:00,"218,98935850310133","308,190002",4,2,2024-10-11
2024-10-11 05:00:00,"425,86776375604694","439,230011",4,2,2024-10-11
2024-10-11 06:00:00,"507,4016855959308","593,919983",4,2,2024-10-11
2024-10-11 07:00:00,"503,78026753241807","400,670013",4,2,2024-10-11
2024-10-11 08:00:00,"400,0803092140597","367,859985",4,2,2024-10-11
2024-10-11 09:00:00,"229,31548556479535","324,970001",4,2,2024-10-11
2024-10-11 10:00:00,"192,56084661012494","316,470001",4,2,2024-10-11
2024-10-11 11:00:00,"153,73256782410036","310,200012",4,2,2024-10-11
2024-10-11 12:00:00,"160,14712115331676","299,309998",4,2,2024-10-11
2024-10-11 13:00:00,"192,11887039064604","298,119995",4,2,2024-10-11
2024-10-11 14:00:00,"220,3383182569519","298,859985",4,2,2024-10-11
2024-10-11 15:00:00,"296,4772710684507","496,660004",4,2,2024-10-11
2024-10-11 16:00:00,"394,5430078634088","939,330017",4,2,2024-10-11
2024-10-11 17:00:00,"428,0374210779804","1208,060059",4,2,2024-10-11
2024-10-11 18:00:00,"423,2172449080758","895,02002",4,2,2024-10-11
2024-10-11 19:00:00,"412,0937126936806","744,289978",4,2,2024-10-11
2024-10-11 20:00:00,"392,081367896665","733,98999",4,2,2024-10-11
2024-10-11 21:00:00,"329,7155656307096","655,080017",4,2,2024-10-11
2024-10-11 22:00:00,"299,3100647265341","672,190002",4,2,2024-10-11
2024-10-11 23:00:00,"284,64894497596646","592,580017",4,2,2024-10-11
2024-10-12 00:00:00,"268,0855801878429","563,929993",4,2,2024-10-12
2024-10-12 01:00:00,"259,5198608685379","559,75",4,2,2024-10-12
2024-10-12 02:00:00,"260,99352792075854","536,619995",4,2,2024-10-12
2024-10-12 03:00:00,"261,3054201882797","506,619995",4,2,2024-10-12
2024-10-12 04:00:00,"269,02303096939517","534,460022",4,2,2024-10-12
2024-10-12 05:00:00,"288,14483454868235","400,149994",4,2,2024-10-12
2024-10-12 06:00:00,"302,5749144009936","378,359985",4,2,2024-10-12
2024-10-12 07:00:00,"271,29785887632374","310,910004",4,2,2024-10-12
2024-10-12 08:00:00,"230,56627006483927","263,390015",4,2,2024-10-12
2024-10-12 09:00:00,"174,99886018718163","255,770004",4,2,2024-10-12
2024-10-12 10:00:00,"131,97061475303772","184,970001",4,2,2024-10-12
2024-10-12 11:00:00,"104,35474407852648","106,919998",4,2,2024-10-12
2024-10-12 12:00:00,"111,46476124186316","174,149994",4,2,2024-10-12
2024-10-12 13:00:00,"125,93979859997758","263,459991",4,2,2024-10-12
2024-10-12 14:00:00,"155,30329380718166","218,990005",4,2,2024-10-12
2024-10-12 15:00:00,"283,42496718325566","423,799988",4,2,2024-10-12
2024-10-12 16:00:00,"307,00483544571625","361,950012",4,2,2024-10-12
2024-10-12 17:00:00,"327,95989153781034","299,049988",4,2,2024-10-12
2024-10-12 18:00:00,"313,31042408442966","289,350006",4,2,2024-10-12
2024-10-12 19:00:00,"313,31042408442966","288,309998",4,2,2024-10-12
2024-10-12 20:00:00,"310,1753921265939","260,179993",4,2,2024-10-12
2024-10-12 21:00:00,"324,7219512145044","189,289993",4,2,2024-10-12
2024-10-12 22:00:00,"312,2629012439656","0,0",4,2,2024-10-12
2024-10-12 23:00:00,"306,8571929616074","-0,07",4,2,2024-10-12
2024-10-13 00:00:00,"321,38162206481536","-0,52",4,2,2024-10-13
2024-10-13 01:00:00,"325,5980597354211","-2,76",4,2,2024-10-13
2024-10-13 02:00:00,"344,3036484831734","-3,81",4,2,2024-10-13
2024-10-13 03:00:00,"371,14005394370923","-0,67",4,2,2024-10-13
2024-10-13 04:00:00,"390,4290160549605","-0,07",4,2,2024-10-13
2024-10-13 05:00:00,"389,35562792945785","12,83",4,2,2024-10-13
2024-10-13 06:00:00,"344,6036212942873","134,0",4,2,2024-10-13
2024-10-13 07:00:00,"305,4332161853224","73,489998",4,2,2024-10-13
2024-10-13 08:00:00,"167,6204697349622","36,630001",4,2,2024-10-13
2024-10-13 09:00:00,"77,63956430299798","46,330002",4,2,2024-10-13
2024-10-13 10:00:00,"41,14810745102978","47,599998",4,2,2024-10-13
2024-10-13 11:00:00,"21,432947636626558","52,970001",4,2,2024-10-13
2024-10-13 12:00:00,"14,866501910663365","59,09",4,2,2024-10-13
2024-10-13 13:00:00,"35,38747902424661","94,610001",4,2,2024-10-13
2024-10-13 14:00:00,"192,19824738806918","118,260002",4,2,2024-10-13
2024-10-13 15:00:00,"379,7560579473395","166,009995",4,2,2024-10-13
2024-10-13 16:00:00,"484,17229015046803","267,329987",4,2,2024-10-13
2024-10-13 17:00:00,"503,6039668088349","403,269989",4,2,2024-10-13
2024-10-13 18:00:00,"498,3838159664278","294,790009",4,2,2024-10-13
2024-10-13 19:00:00,"502,0723114607631","286,730011",4,2,2024-10-13
2024-10-13 20:00:00,"520,0739132862444","299,410004",4,2,2024-10-13
2024-10-13 21:00:00,"445,9996875437689","274,640015",4,2,2024-10-13
2024-10-13 22:00:00,"355,7466681225388","276,809998",4,2,2024-10-13
2024-10-13 23:00:00,"260,69527267246093","263,0",4,2,2024-10-13
2024-10-14 00:00:00,"233,7284309523628","262,410004",4,3,2024-10-14
2024-10-14 01:00:00,"207,3455010295196","256,359985",4,3,2024-10-14
2024-10-14 02:00:00,"220,25905586518832","293,450012",4,3,2024-10-14
2024-10-14 03:00:00,"243,81038017134938","464,079987",4,3,2024-10-14
2024-10-14 04:00:00,"303,7912659434623","736,710022",4,3,2024-10-14
2024-10-14 05:00:00,"389,3656920341648","973,900024",4,3,2024-10-14
2024-10-14 06:00:00,"411,03904365717915","1142,449951",4,3,2024-10-14
2024-10-14 07:00:00,"428,0271593573119","879,960022",4,3,2024-10-14
2024-10-14 08:00:00,"436,2309572018795","753,200012",4,3,2024-10-14
2024-10-14 09:00:00,"370,03550265945256","695,599976",4,3,2024-10-14
2024-10-14 10:00:00,"267,0710514509686","643,450012",4,3,2024-10-14
2024-10-14 11:00:00,"248,73243455567396","616,289978",4,3,2024-10-14
2024-10-14 12:00:00,"238,67069424333323","553,320007",4,3,2024-10-14
2024-10-14 13:00:00,"261,00522371082167","649,710022",4,3,2024-10-14
2024-10-14 14:00:00,"278,75200032003994","789,309998",4,3,2024-10-14
2024-10-14 15:00:00,"305,80142135323774","1182,660034",4,3,2024-10-14
2024-10-14 16:00:00,"330,99085226904265","1865,280029",4,3,2024-10-14
2024-10-14 17:00:00,"323,64986947086106","1964,290039",4,3,2024-10-14
2024-10-14 18:00:00,"317,9753102065851","1178,859985",4,3,2024-10-14
2024-10-14 19:00:00,"304,717331508508","851,460022",4,3,2024-10-14
2024-10-14 20:00:00,"284,30977772719916","743,580017",4,3,2024-10-14
2024-10-14 21:00:00,"271,53208694889327","707,309998",4,3,2024-10-14
2024-10-14 22:00:00,"241,45722631607904","680,679993",4,3,2024-10-14
2024-10-14 23:00:00,"239,10022843588698","645,320007",4,3,2024-10-14
2024-10-15 00:00:00,"239,10022843588698","659,190002",4,3,2024-10-15
2024-10-15 01:00:00,"239,10022843588698","627,039978",4,3,2024-10-15
2024-10-15 02:00:00,"244,5792967023951","602,859985",4,3,2024-10-15
2024-10-15 03:00:00,"259,6509305706866","667,849976",4,3,2024-10-15
2024-10-15 04:00:00,"311,0008063952882","854,530029",4,3,2024-10-15
2024-10-15 05:00:00,"333,93702997375584","1383,22998",4,3,2024-10-15
2024-10-15 06:00:00,"395,59209209035254","1317,719971",4,3,2024-10-15
2024-10-15 07:00:00,"410,8057972855565","824,76001",4,3,2024-10-15
2024-10-15 08:00:00,"429,6547415437399","692,02002",4,3,2024-10-15
2024-10-15 09:00:00,"434,7962596961936","619,650024",4,3,2024-10-15
2024-10-15 10:00:00,"444,881352492264","585,47998",4,3,2024-10-15
2024-10-15 11:00:00,"478,9116083760772","535,340027",4,3,2024-10-15
2024-10-15 12:00:00,"483,49052927375203","566,299988",4,3,2024-10-15
2024-10-15 13:00:00,"535,5463818224684","621,960022",4,3,2024-10-15
2024-10-15 14:00:00,"654,1891582166481","664,27002",4,3,2024-10-15
2024-10-15 15:00:00,"699,5448068033243","900,48999",4,3,2024-10-15
2024-10-15 16:00:00,"774,9143333648192","1020,609985",4,3,2024-10-15
2024-10-15 17:00:00,"844,0154097014441","726,049988",4,3,2024-10-15
2024-10-15 18:00:00,"816,5766107995336","568,98999",4,3,2024-10-15
2024-10-15 19:00:00,"666,3741077715937","497,290009",4,3,2024-10-15
2024-10-15 20:00:00,"620,818460215062","445,059998",4,3,2024-10-15
2024-10-15 21:00:00,"494,36484255190067","304,269989",4,3,2024-10-15
2024-10-15 22:00:00,"476,704867527171","174,210007",4,3,2024-10-15
2024-10-15 23:00:00,"451,9089407168269","95,5",4,3,2024-10-15
2024-10-16 00:00:00,"430,22453409482034","39,540001",4,3,2024-10-16
2024-10-16 01:00:00,"365,1247694026561","26,93",4,3,2024-10-16
2024-10-16 02:00:00,"286,26079870622357","23,58",4,3,2024-10-16
2024-10-16 03:00:00,"307,7928755071749","61,18",4,3,2024-10-16
2024-10-16 04:00:00,"307,739768697359","301,049988",4,3,2024-10-16
2024-10-16 05:00:00,"399,1429422520144","353,720001",4,3,2024-10-16
2024-10-16 06:00:00,"427,19481989208975","406,23999",4,3,2024-10-16
2024-10-16 07:00:00,"444,8254011020716","354,76001",4,3,2024-10-16
2024-10-16 08:00:00,"422,96841673519407","199,059998",4,3,2024-10-16
2024-10-16 09:00:00,"400,1930372424682","105,650002",4,3,2024-10-16
2024-10-16 10:00:00,"308,63573164827466","30,51",4,3,2024-10-16
2024-10-16 11:00:00,"292,81442064729475","15,22",4,3,2024-10-16
2024-10-16 12:00:00,"286,99058130906457","29,84",4,3,2024-10-16
2024-10-16 13:00:00,"305,60026612752523","105,800003",4,3,2024-10-16
2024-10-16 14:00:00,"324,81530255774726","246,210007",4,3,2024-10-16
2024-10-16 15:00:00,"375,14642733788753","263,0",4,3,2024-10-16
2024-10-16 16:00:00,"348,3440207294866","277,470001",4,3,2024-10-16
2024-10-16 17:00:00,"344,3036956727218","272,470001",4,3,2024-10-16
2024-10-16 18:00:00,"330,2475174098691","267,470001",4,3,2024-10-16
2024-10-16 19:00:00,"322,6157799629819","257,619995",4,3,2024-10-16
2024-10-16 20:00:00,"325,81037972655326","242,029999",4,3,2024-10-16
2024-10-16 21:00:00,"324,65188178651425","198,009995",4,3,2024-10-16
2024-10-16 22:00:00,"319,96831205986894","127,129997",4,3,2024-10-16
2024-10-16 23:00:00,"303,93012649422457","90,650002",4,3,2024-10-16
2024-10-17 00:00:00,"302,7133212868837","78,190002",4,3,2024-10-17
2024-10-17 01:00:00,"282,8461549952213","41,860001",4,3,2024-10-17
2024-10-17 02:00:00,"279,7839651676264","74,68",4,3,2024-10-17
2024-10-17 03:00:00,"301,7273584255176","216,139999",4,3,2024-10-17
2024-10-17 04:00:00,"328,8848552302625","261,730011",4,3,2024-10-17
2024-10-17 05:00:00,"395,0949139266054","298,660004",4,3,2024-10-17
2024-10-17 06:00:00,"400,16589662740137","306,790009",4,3,2024-10-17
2024-10-17 07:00:00,"395,8589274542891","301,869995",4,3,2024-10-17
2024-10-17 08:00:00,"327,20927452429964","286,940002",4,3,2024-10-17
2024-10-17 09:00:00,"285,2064730637447","287,089996",4,3,2024-10-17
2024-10-17 10:00:00,"214,19579950724778","290,670013",4,3,2024-10-17
2024-10-17 11:00:00,"153,0943032312717","305,299988",4,3,2024-10-17
2024-10-17 12:00:00,"175,67849465272113","322,980011",4,3,2024-10-17
2024-10-17 13:00:00,"256,36015812264174","474,140015",4,3,2024-10-17
2024-10-17 14:00:00,"303,347200747948","691,469971",4,3,2024-10-17
2024-10-17 15:00:00,"315,58227222319437","893,059998",4,3,2024-10-17
2024-10-17 16:00:00,"348,3147676372166","1292,290039",4,3,2024-10-17
2024-10-17 17:00:00,"361,05615570204304","1275,810059",4,3,2024-10-17
2024-10-17 18:00:00,"395,5901183794385","876,650024",4,3,2024-10-17
2024-10-17 19:00:00,"348,60428604390336","729,75",4,3,2024-10-17
2024-10-17 20:00:00,"324,8305870058198","664,390015",4,3,2024-10-17
2024-10-17 21:00:00,"311,46890138676406","613,359985",4,3,2024-10-17
2024-10-17 22:00:00,"279,3918169781745","603,929993",4,3,2024-10-17
2024-10-17 23:00:00,"256,4189845711403","605,5",4,3,2024-10-17
2024-10-18 00:00:00,"242,29554337431654","617,210022",4,3,2024-10-18
2024-10-18 01:00:00,"235,98289597755735","588,190002",4,3,2024-10-18
2024-10-18 02:00:00,"239,71750427640976","605,72998",4,3,2024-10-18
2024-10-18 03:00:00,"239,10022843588698","629,22998",4,3,2024-10-18
2024-10-18 04:00:00,"250,62717471128485","737,780029",4,3,2024-10-18
2024-10-18 05:00:00,"405,9286315675378","1117,449951",4,3,2024-10-18
2024-10-18 06:00:00,"462,05457248600413","1165,640015",4,3,2024-10-18
2024-10-18 07:00:00,"485,6681951173884","828,130005",4,3,2024-10-18
2024-10-18 08:00:00,"463,09220857740183","714,429993",4,3,2024-10-18
2024-10-18 09:00:00,"381,70457845014323","636,390015",4,3,2024-10-18
2024-10-18 10:00:00,"276,9950773706659","618,929993",4,3,2024-10-18
2024-10-18 11:00:00,"276,61065015936276","598,340027",4,3,2024-10-18
2024-10-18 12:00:00,"273,47213009699584","605,72998",4,3,2024-10-18
2024-10-18 13:00:00,"272,6973378478585","629,22998",4,3,2024-10-18
2024-10-18 14:00:00,"275,28013137053046","770,599976",4,3,2024-10-18
2024-10-18 15:00:00,"309,6111569169705","997,26001",4,3,2024-10-18
2024-10-18 16:00:00,"397,1859054830777","1352,459961",4,3,2024-10-18
2024-10-18 17:00:00,"449,9070546109797","1063,72998",4,3,2024-10-18
2024-10-18 18:00:00,"543,3370879344775","770,309998",4,3,2024-10-18
2024-10-18 19:00:00,"568,2439624871314","722,409973",4,3,2024-10-18
2024-10-18 20:00:00,"554,6089998016115","695,77002",4,3,2024-10-18
2024-10-18 21:00:00,"485,49123675232505","638,179993",4,3,2024-10-18
2024-10-18 22:00:00,"453,83009271818116","649,27002",4,3,2024-10-18
2024-10-18 23:00:00,"404,8003967777919","619,210022",4,3,2024-10-18
2024-10-19 00:00:00,"276,6606580138112","595,940002",4,3,2024-10-19
2024-10-19 01:00:00,"271,96481731876725","561,27002",4,3,2024-10-19
2024-10-19 02:00:00,"264,30404140426634","565,809998",4,3,2024-10-19
2024-10-19 03:00:00,"261,80388263169954","572,530029",4,3,2024-10-19
2024-10-19 04:00:00,"271,606589625761","596,619995",4,3,2024-10-19
2024-10-19 05:00:00,"291,8445660152306","685,440002",4,3,2024-10-19
2024-10-19 06:00:00,"304,4738171577855","668,659973",4,3,2024-10-19
2024-10-19 07:00:00,"283,8270839469714","630,919983",4,3,2024-10-19
2024-10-19 08:00:00,"264,42619026782455","587,669983",4,3,2024-10-19
2024-10-19 09:00:00,"231,65068246131526","546,799988",4,3,2024-10-19
2024-10-19 10:00:00,"176,96649068583392","493,399994",4,3,2024-10-19
2024-10-19 11:00:00,"133,37079201787924","454,619995",4,3,2024-10-19
2024-10-19 12:00:00,"130,68997677630924","476,470001",4,3,2024-10-19
2024-10-19 13:00:00,"137,37283769635883","589,679993",4,3,2024-10-19
2024-10-19 14:00:00,"153,62737643199145","731,52002",4,3,2024-10-19
2024-10-19 15:00:00,"291,7860443998641","813,929993",4,3,2024-10-19
2024-10-19 16:00:00,"317,1930464613469","1012,900024",4,3,2024-10-19
2024-10-19 17:00:00,"324,76324008763373","886,940002",4,3,2024-10-19
2024-10-19 18:00:00,"322,5734239714157","721,900024",4,3,2024-10-19
2024-10-19 19:00:00,"324,52810020859874","672,530029",4,3,2024-10-19
2024-10-19 20:00:00,"318,52926256792364","625,179993",4,3,2024-10-19
2024-10-19 21:00:00,"299,36488527635925","546,869995",4,3,2024-10-19
2024-10-19 22:00:00,"246,66231898990688","403,059998",4,3,2024-10-19
2024-10-19 23:00:00,"219,03871255956543","409,470001",4,3,2024-10-19
2024-10-20 00:00:00,"223,2328110066586","407,079987",4,3,2024-10-20
2024-10-20 01:00:00,"220,20174781803252","417,0",4,3,2024-10-20
2024-10-20 02:00:00,"225,21014587684556","444,450012",4,3,2024-10-20
2024-10-20 03:00:00,"228,0290535004454","241,880005",4,3,2024-10-20
2024-10-20 04:00:00,"230,44653805498066","240,389999",4,3,2024-10-20
2024-10-20 05:00:00,"234,60984125446078","291,329987",4,3,2024-10-20
2024-10-20 06:00:00,"248,88888221815498","359,950012",4,3,2024-10-20
2024-10-20 07:00:00,"223,77634197020387","341,230011",4,3,2024-10-20
2024-10-20 08:00:00,"86,05984353533916","47,509998",4,3,2024-10-20
2024-10-20 09:00:00,"39,01639815974883","0,6",4,3,2024-10-20
2024-10-20 10:00:00,"18,9000782043047","0,0",4,3,2024-10-20
2024-10-20 11:00:00,"-4,498107517036437","-7,31",4,3,2024-10-20
2024-10-20 12:00:00,"-26,590173304403848","-14,99",4,3,2024-10-20
2024-10-20 13:00:00,"-2,2260646382621228","0,0",4,3,2024-10-20
2024-10-20 14:00:00,"152,56837911716175","38,040001",4,3,2024-10-20
2024-10-20 15:00:00,"277,9744608333083","413,570007",4,3,2024-10-20
2024-10-20 16:00:00,"321,7144677867012","318,25",4,3,2024-10-20
2024-10-20 17:00:00,"341,8174393627466","268,950012",4,3,2024-10-20
2024-10-20 18:00:00,"335,93446800434117","252,919998",4,3,2024-10-20
2024-10-20 19:00:00,"325,42963343443216","156,259995",4,3,2024-10-20
2024-10-20 20:00:00,"319,39756692138036","90,620003",4,3,2024-10-20
2024-10-20 21:00:00,"302,0233682502119","14,39",4,3,2024-10-20
2024-10-20 22:00:00,"230,3010169238812","-0,75",4,3,2024-10-20
2024-10-20 23:00:00,"194,68405004838186","-0,75",4,3,2024-10-20
2024-10-21 00:00:00,"142,69517154256292","-1,04",4,4,2024-10-21
2024-10-21 01:00:00,"145,90596028099523","-0,6",4,4,2024-10-21
2024-10-21 02:00:00,"159,04576137946094","-0,3",4,4,2024-10-21
2024-10-21 03:00:00,"250,13944282621208","24,24",4,4,2024-10-21
2024-10-21 04:00:00,"405,8659339553749","32,59",4,4,2024-10-21
2024-10-21 05:00:00,"560,1051535567572","301,170013",4,4,2024-10-21
2024-10-21 06:00:00,"592,9871825129917","292,070007",4,4,2024-10-21
2024-10-21 07:00:00,"558,1196720455196","240,160004",4,4,2024-10-21
2024-10-21 08:00:00,"489,58726481788676","215,399994",4,4,2024-10-21
2024-10-21 09:00:00,"414,73603423496473","208,690002",4,4,2024-10-21
2024-10-21 10:00:00,"334,9226837149147","188,479996",4,4,2024-10-21
2024-10-21 11:00:00,"281,16822985211763","209,729996",4,4,2024-10-21
2024-10-21 12:00:00,"278,91357066583186","168,710007",4,4,2024-10-21
2024-10-21 13:00:00,"307,98330590825486","434,609985",4,4,2024-10-21
2024-10-21 14:00:00,"442,1500097267152","670,289978",4,4,2024-10-21
2024-10-21 15:00:00,"526,8502195509027","969,900024",4,4,2024-10-21
2024-10-21 16:00:00,"863,0334588442876","1582,319946",4,4,2024-10-21
2024-10-21 17:00:00,"875,2112279005893","1404,810059",4,4,2024-10-21
2024-10-21 18:00:00,"771,9356598040008","957,969971",4,4,2024-10-21
2024-10-21 19:00:00,"589,9854271238897","750,320007",4,4,2024-10-21
2024-10-21 20:00:00,"497,47289253760005","729,440002",4,4,2024-10-21
2024-10-21 21:00:00,"452,3855996263282","693,419983",4,4,2024-10-21
2024-10-21 22:00:00,"403,1849244410533","666,929993",4,4,2024-10-21
2024-10-21 23:00:00,"254,81826762606167","652,76001",4,4,2024-10-21
2024-10-22 00:00:00,"247,1225759233058","639,109985",4,4,2024-10-22
2024-10-22 01:00:00,"239,15268404619718","623,52002",4,4,2024-10-22
2024-10-22 02:00:00,"243,10342495029644","619,190002",4,4,2024-10-22
2024-10-22 03:00:00,"274,0914625422657","641,419983",4,4,2024-10-22
2024-10-22 04:00:00,"315,5503341767661","731,960022",4,4,2024-10-22
2024-10-22 05:00:00,"634,7193805755021","1118,76001",4,4,2024-10-22
2024-10-22 06:00:00,"734,0724017536959","1215,27002",4,4,2024-10-22
2024-10-22 07:00:00,"730,3164320172793","846,080017",4,4,2024-10-22
2024-10-22 08:00:00,"611,0553765396194","736,809998",4,4,2024-10-22
2024-10-22 09:00:00,"563,8607269405211","639,109985",4,4,2024-10-22
2024-10-22 10:00:00,"506,93004279625643","246,720001",4,4,2024-10-22
2024-10-22 11:00:00,"485,5000600935918","232,550003",4,4,2024-10-22
2024-10-22 12:00:00,"476,72052852117866","225,539993",4,4,2024-10-22
2024-10-22 13:00:00,"479,76997476976766","229,789993",4,4,2024-10-22
2024-10-22 14:00:00,"527,0547691929295","263,130005",4,4,2024-10-22
2024-10-22 15:00:00,"523,1202254996621","759,109985",4,4,2024-10-22
2024-10-22 16:00:00,"532,3844247298022","1043,579956",4,4,2024-10-22
2024-10-22 17:00:00,"536,3395740810474","1176,560059",4,4,2024-10-22
2024-10-22 18:00:00,"541,449358805532","850,400024",4,4,2024-10-22
2024-10-22 19:00:00,"549,4917669725241","697,72998",4,4,2024-10-22
2024-10-22 20:00:00,"572,8565990653027","713,919983",4,4,2024-10-22
2024-10-22 21:00:00,"452,05709213110276","658,950012",4,4,2024-10-22
2024-10-22 22:00:00,"414,94675897724983","602,789978",4,4,2024-10-22
2024-10-22 23:00:00,"330,7188403461016","620,690002",4,4,2024-10-22
2024-10-23 00:00:00,"258,58906255583463","611,669983",4,4,2024-10-23
2024-10-23 01:00:00,"239,29069165827602","620,539978",4,4,2024-10-23
2024-10-23 02:00:00,"243,90105544287752","639,859985",4,4,2024-10-23
2024-10-23 03:00:00,"253,76398627322743","675,950012",4,4,2024-10-23
2024-10-23 04:00:00,"333,16293007839505","780,950012",4,4,2024-10-23
2024-10-23 05:00:00,"404,67441925796464","1025,329956",4,4,2024-10-23
2024-10-23 06:00:00,"525,5040691198051","1205,72998",4,4,2024-10-23
2024-10-23 07:00:00,"578,0034222162649","957,690002",4,4,2024-10-23
2024-10-23 08:00:00,"489,33938247546814","776,330017",4,4,2024-10-23
2024-10-23 09:00:00,"413,31710561314395","693,700012",4,4,2024-10-23
2024-10-23 10:00:00,"316,73181373410637","600,929993",4,4,2024-10-23
2024-10-23 11:00:00,"257,52821213139663","574,75",4,4,2024-10-23
2024-10-23 12:00:00,"239,00887041453228","562,450012",4,4,2024-10-23
2024-10-23 13:00:00,"260,2596550734833","657,830017",4,4,2024-10-23
2024-10-23 14:00:00,"312,76288500313626","696,22998",4,4,2024-10-23
2024-10-23 15:00:00,"380,8096870269694","1009,669983",4,4,2024-10-23
2024-10-23 16:00:00,"388,0892021066923","1428,859985",4,4,2024-10-23
2024-10-23 17:00:00,"349,0416793809051","1312,52002",4,4,2024-10-23
2024-10-23 18:00:00,"331,73308535980317","833,080017",4,4,2024-10-23
2024-10-23 19:00:00,"332,11590237570323","754,849976",4,4,2024-10-23
2024-10-23 20:00:00,"318,22586114288225","767,599976",4,4,2024-10-23
2024-10-23 21:00:00,"313,1994137324069","694,73999",4,4,2024-10-23
2024-10-23 22:00:00,"279,4884303198491","647,059998",4,4,2024-10-23
2024-10-23 23:00:00,"268,40332198483856","597,460022",4,4,2024-10-23
2024-10-24 00:00:00,"245,85345508130806","582,469971",4,4,2024-10-24
2024-10-24 01:00:00,"214,1882649829069","564,349976",4,4,2024-10-24
2024-10-24 02:00:00,"219,99904144175423","532,200012",4,4,2024-10-24
2024-10-24 03:00:00,"267,57289415299385","597,909973",4,4,2024-10-24
2024-10-24 04:00:00,"327,88786518779017","748,409973",4,4,2024-10-24
2024-10-24 05:00:00,"396,6969736424154","1057,98999",4,4,2024-10-24
2024-10-24 06:00:00,"401,67152770590735","1233,47998",4,4,2024-10-24
2024-10-24 07:00:00,"395,55765032093643","874,820007",4,4,2024-10-24
2024-10-24 08:00:00,"343,7882848277852","760,049988",4,4,2024-10-24
2024-10-24 09:00:00,"301,3198040706786","693,969971",4,4,2024-10-24
2024-10-24 10:00:00,"284,2946438553415","626,169983",4,4,2024-10-24
2024-10-24 11:00:00,"221,62599610890274","590,299988",4,4,2024-10-24
2024-10-24 12:00:00,"254,98053984550998","607,900024",4,4,2024-10-24
2024-10-24 13:00:00,"303,63469093523025","713,72998",4,4,2024-10-24
2024-10-24 14:00:00,"315,2199026549877","809,869995",4,4,2024-10-24
2024-10-24 15:00:00,"320,45719119034567","921,659973",4,4,2024-10-24
2024-10-24 16:00:00,"361,6418777648265","1034,430054",4,4,2024-10-24
2024-10-24 17:00:00,"371,17362619465473","851,630005",4,4,2024-10-24
2024-10-24 18:00:00,"384,67408749249347","720,52002",4,4,2024-10-24
2024-10-24 19:00:00,"329,8845838092834","698,369995",4,4,2024-10-24
2024-10-24 20:00:00,"314,165300611481","670,47998",4,4,2024-10-24
2024-10-24 21:00:00,"317,50450052240575","623,559998",4,4,2024-10-24
2024-10-24 22:00:00,"314,3862331188524","615,460022",4,4,2024-10-24
2024-10-24 23:00:00,"314,3862331188524","612,25",4,4,2024-10-24
2024-10-25 00:00:00,"321,65859525529885","594,48999",4,4,2024-10-25
2024-10-25 01:00:00,"321,9344005929287","616,200012",4,4,2024-10-25
2024-10-25 02:00:00,"324,52810020859874","630,150024",4,4,2024-10-25
2024-10-25 03:00:00,"324,52810020859874","705,650024",4,4,2024-10-25
2024-10-25 04:00:00,"339,9769800987187","812,700012",4,4,2024-10-25
2024-10-25 05:00:00,"424,5197966599618","923,190002",4,4,2024-10-25
2024-10-25 06:00:00,"528,2787458673242","1123,410034",4,4,2024-10-25
2024-10-25 07:00:00,"617,8283541166185","913,340027",4,4,2024-10-25
2024-10-25 08:00:00,"646,7614862912039","806,809998",4,4,2024-10-25
2024-10-25 09:00:00,"594,8942259821949","700,5",4,4,2024-10-25
2024-10-25 10:00:00,"535,4621905620879","604,859985",4,4,2024-10-25
2024-10-25 11:00:00,"487,1437298402699","583,22998",4,4,2024-10-25
2024-10-25 12:00:00,"512,0989302078042","615,22998",4,4,2024-10-25
2024-10-25 13:00:00,"543,2662829925137","741,01001",4,4,2024-10-25
2024-10-25 14:00:00,"628,5034621302591","880,51001",4,4,2024-10-25
2024-10-25 15:00:00,"683,8607635732862","1184,140015",4,4,2024-10-25
2024-10-25 16:00:00,"769,1786688153753","1695,829956",4,4,2024-10-25
2024-10-25 17:00:00,"805,2480279527102","1379,0",4,4,2024-10-25
2024-10-25 18:00:00,"861,0991208831282","924,01001",4,4,2024-10-25
2024-10-25 19:00:00,"733,543958573891","867,530029",4,4,2024-10-25
2024-10-25 20:00:00,"720,6450806230434","850,150024",4,4,2024-10-25
2024-10-25 21:00:00,"636,2306348660284","801,210022",4,4,2024-10-25
2024-10-25 22:00:00,"631,3615798942534","860,150024",4,4,2024-10-25
2024-10-25 23:00:00,"603,7393414008825","818,0",4,4,2024-10-25
2024-10-26 00:00:00,"591,5523886437933","797,929993",4,4,2024-10-26
2024-10-26 01:00:00,"550,6583353372358","804,200012",4,4,2024-10-26
2024-10-26 02:00:00,"553,4921978584549","788,599976",4,4,2024-10-26
2024-10-26 03:00:00,"553,856599245482","796,960022",4,4,2024-10-26
2024-10-26 04:00:00,"589,8858137516294","850,0",4,4,2024-10-26
2024-10-26 05:00:00,"622,4434301990905","937,890015",4,4,2024-10-26
2024-10-26 06:00:00,"637,5695393059635","940,059998",4,4,2024-10-26
2024-10-26 07:00:00,"560,5723539672595","877,159973",4,4,2024-10-26
2024-10-26 08:00:00,"471,21482316610343","756,450012",4,4,2024-10-26
2024-10-26 09:00:00,"433,4019379826934","607,900024",4,4,2024-10-26
2024-10-26 10:00:00,"336,72459123110536","509,940002",4,4,2024-10-26
2024-10-26 11:00:00,"274,2760019505245","472,269989",4,4,2024-10-26
2024-10-26 12:00:00,"285,6522199308606","481,589996",4,4,2024-10-26
2024-10-26 13:00:00,"305,6505565091365","607,599976",4,4,2024-10-26
2024-10-26 14:00:00,"317,0335903358279","750,549988",4,4,2024-10-26
2024-10-26 15:00:00,"334,34723242316664","938,039978",4,4,2024-10-26
2024-10-26 16:00:00,"348,0103584233018","1125,829956",4,4,2024-10-26
2024-10-26 17:00:00,"336,8296395598221","885,890015",4,4,2024-10-26
2024-10-26 18:00:00,"333,32343248493794","719,809998",4,4,2024-10-26
2024-10-26 19:00:00,"324,6606353718638","662,219971",4,4,2024-10-26
2024-10-26 20:00:00,"306,078270827048","652,820007",4,4,2024-10-26
2024-10-26 21:00:00,"282,2403842109245","571,719971",4,4,2024-10-26
2024-10-26 22:00:00,"233,07902754086592","688,119995",4,4,2024-10-26
2024-10-26 23:00:00,"221,7584308557764","626,780029",4,4,2024-10-26
2024-10-27 00:00:00,"221,78113207373565","613,570007",4,4,2024-10-27
2024-10-27 01:00:00,"220,8052637175916","600,140015",4,4,2024-10-27
2024-10-27 02:00:00,"224,42690558071706","592,530029",4,4,2024-10-27
2024-10-27 03:00:00,"218,6893526245916","587,900024",4,4,2024-10-27
2024-10-27 04:00:00,"209,91386840008028","635,289978",4,4,2024-10-27
2024-10-27 05:00:00,"225,56093285516556","665,659973",4,4,2024-10-27
2024-10-27 06:00:00,"245,6217866953876","657,0",4,4,2024-10-27
2024-10-27 07:00:00,"220,65365231786498","629,320007",4,4,2024-10-27
2024-10-27 08:00:00,"99,02128760253741","496,049988",4,4,2024-10-27
2024-10-27 09:00:00,"38,81877674870843","408,299988",4,4,2024-10-27
2024-10-27 10:00:00,"15,387802074359994","317,119995",4,4,2024-10-27
2024-10-27 11:00:00,"-9,383400222389893","298,390015",4,4,2024-10-27
2024-10-27 12:00:00,"-28,326554057953317","298,470001",4,4,2024-10-27
2024-10-27 13:00:00,"-2,2260646382621228","480,01001",4,4,2024-10-27
2024-10-27 14:00:00,"139,04846513475607","753,109985",4,4,2024-10-27
2024-10-27 15:00:00,"163,75253653542129","878,97998",4,4,2024-10-27
2024-10-27 16:00:00,"291,5662778647966","1106,569946",4,4,2024-10-27
2024-10-27 17:00:00,"309,80257487906084","1087,23999",4,4,2024-10-27
2024-10-27 18:00:00,"305,9608788395058","973,52002",4,4,2024-10-27
2024-10-27 19:00:00,"279,1894005356648","881,299988",4,4,2024-10-27
2024-10-27 20:00:00,"248,46119059172554","831,159973",4,4,2024-10-27
2024-10-27 21:00:00,"215,8448323208336","820,48999",4,4,2024-10-27
2024-10-27 22:00:00,"170,85746151621012","651,109985",4,4,2024-10-27
2024-10-27 23:00:00,"160,3430090943091","713,340027",4,4,2024-10-27
