Time,Prediction,DKPrice,fold,week,Date
2024-01-01 00:00:00,"149,64421730342406","209,779999",1,1,2024-01-01
2024-01-01 01:00:00,"154,77857188585708","198,740005",1,1,2024-01-01
2024-01-01 02:00:00,"155,90901864692643","30,860001",1,1,2024-01-01
2024-01-01 03:00:00,"159,7562500574295","-0,22",1,1,2024-01-01
2024-01-01 04:00:00,"228,57499391606106","-0,15",1,1,2024-01-01
2024-01-01 05:00:00,"364,66100201625596","-0,37",1,1,2024-01-01
2024-01-01 06:00:00,"433,67539208739015","-0,15",1,1,2024-01-01
2024-01-01 07:00:00,"476,5155049853207","0,0",1,1,2024-01-01
2024-01-01 08:00:00,"482,51097445945015","0,6",1,1,2024-01-01
2024-01-01 09:00:00,"450,09950377992834","308,179993",1,1,2024-01-01
2024-01-01 10:00:00,"422,4669379033532","324,359985",1,1,2024-01-01
2024-01-01 11:00:00,"403,68510501107977","320,700012",1,1,2024-01-01
2024-01-01 12:00:00,"404,7829063675892","330,170013",1,1,2024-01-01
2024-01-01 13:00:00,"422,1019985779904","344,709991",1,1,2024-01-01
2024-01-01 14:00:00,"449,5364908863766","377,290009",1,1,2024-01-01
2024-01-01 15:00:00,"501,2600672518472","443,329987",1,1,2024-01-01
2024-01-01 16:00:00,"559,6107965176029","484,480011",1,1,2024-01-01
2024-01-01 17:00:00,"579,8557967615873","460,26001",1,1,2024-01-01
2024-01-01 18:00:00,"569,6514465548939","456,75",1,1,2024-01-01
2024-01-01 19:00:00,"496,791460133695","447,059998",1,1,2024-01-01
2024-01-01 20:00:00,"429,59483579506247","409,420013",1,1,2024-01-01
2024-01-01 21:00:00,"405,5277236800416","355,220001",1,1,2024-01-01
2024-01-01 22:00:00,"352,19541361485136","265,019989",1,1,2024-01-01
2024-01-01 23:00:00,"331,8122787131033","228,039993",1,1,2024-01-01
2024-01-02 00:00:00,"323,63899279438425","149,619995",1,1,2024-01-02
2024-01-02 01:00:00,"318,38682466033276","231,320007",1,1,2024-01-02
2024-01-02 02:00:00,"332,96718200642795","137,089996",1,1,2024-01-02
2024-01-02 03:00:00,"352,81500587741743","82,599998",1,1,2024-01-02
2024-01-02 04:00:00,"381,9802665255079","102,730003",1,1,2024-01-02
2024-01-02 05:00:00,"441,43033826225917","355,070007",1,1,2024-01-02
2024-01-02 06:00:00,"485,54671931251744","433,119995",1,1,2024-01-02
2024-01-02 07:00:00,"579,6377895911723","489,549988",1,1,2024-01-02
2024-01-02 08:00:00,"561,5827909454442","482,549988",1,1,2024-01-02
2024-01-02 09:00:00,"542,3659521761845","514,22998",1,1,2024-01-02
2024-01-02 10:00:00,"509,9986963721318","548,219971",1,1,2024-01-02
2024-01-02 11:00:00,"502,8971802394183","582,659973",1,1,2024-01-02
2024-01-02 12:00:00,"506,3279240109345","587,960022",1,1,2024-01-02
2024-01-02 13:00:00,"513,9204982071669","590,719971",1,1,2024-01-02
2024-01-02 14:00:00,"537,7002480425008","596,080017",1,1,2024-01-02
2024-01-02 15:00:00,"662,7189609256317","607,26001",1,1,2024-01-02
2024-01-02 16:00:00,"666,3737426219893","603,23999",1,1,2024-01-02
2024-01-02 17:00:00,"624,6569320192397","558,72998",1,1,2024-01-02
2024-01-02 18:00:00,"565,6856492858458","470,98999",1,1,2024-01-02
2024-01-02 19:00:00,"546,342543896646","425,73999",1,1,2024-01-02
2024-01-02 20:00:00,"510,15080003151104","349,549988",1,1,2024-01-02
2024-01-02 21:00:00,"499,33359686941316","298,190002",1,1,2024-01-02
2024-01-02 22:00:00,"463,25197052245176","162,589996",1,1,2024-01-02
2024-01-02 23:00:00,"417,0855000263751","7,75",1,1,2024-01-02
2024-01-03 00:00:00,"418,0427638534698","-0,07",1,1,2024-01-03
2024-01-03 01:00:00,"428,38031695904004","0,0",1,1,2024-01-03
2024-01-03 02:00:00,"387,1630032247789","-0,07",1,1,2024-01-03
2024-01-03 03:00:00,"375,35493833656886","0,0",1,1,2024-01-03
2024-01-03 04:00:00,"407,9553646174288","0,15",1,1,2024-01-03
2024-01-03 05:00:00,"425,5260064523463","8,13",1,1,2024-01-03
2024-01-03 06:00:00,"529,2920583119767","302,600006",1,1,2024-01-03
2024-01-03 07:00:00,"605,4643606244687","444,399994",1,1,2024-01-03
2024-01-03 08:00:00,"615,0721728115615","451,850006",1,1,2024-01-03
2024-01-03 09:00:00,"615,8079656292059","424,940002",1,1,2024-01-03
2024-01-03 10:00:00,"593,226155253687","409,209991",1,1,2024-01-03
2024-01-03 11:00:00,"583,375241912729","445,820007",1,1,2024-01-03
2024-01-03 12:00:00,"583,3732825955503","438,809998",1,1,2024-01-03
2024-01-03 13:00:00,"603,8329418942681","453,720001",1,1,2024-01-03
2024-01-03 14:00:00,"620,5987293307004","500,829987",1,1,2024-01-03
2024-01-03 15:00:00,"625,5998216630354","548,619995",1,1,2024-01-03
2024-01-03 16:00:00,"652,4668261030525","613,409973",1,1,2024-01-03
2024-01-03 17:00:00,"631,9497157974159","618,549988",1,1,2024-01-03
2024-01-03 18:00:00,"592,0570075537639","589,179993",1,1,2024-01-03
2024-01-03 19:00:00,"561,4555154151082","545,940002",1,1,2024-01-03
2024-01-03 20:00:00,"461,47572957508254","502,549988",1,1,2024-01-03
2024-01-03 21:00:00,"437,9931394641981","484,579987",1,1,2024-01-03
2024-01-03 22:00:00,"348,6539443831193","433,290009",1,1,2024-01-03
2024-01-03 23:00:00,"276,8118392365608","427,329987",1,1,2024-01-03
2024-01-04 00:00:00,"263,67383546382706","376,320007",1,1,2024-01-04
2024-01-04 01:00:00,"257,2433885568046","298,309998",1,1,2024-01-04
2024-01-04 02:00:00,"241,45764993028013","190,020004",1,1,2024-01-04
2024-01-04 03:00:00,"227,738409025309","261,019989",1,1,2024-01-04
2024-01-04 04:00:00,"232,08555033519377","430,540009",1,1,2024-01-04
2024-01-04 05:00:00,"350,6588545222761","541,809998",1,1,2024-01-04
2024-01-04 06:00:00,"461,0401727828638","634,059998",1,1,2024-01-04
2024-01-04 07:00:00,"526,0103250211615","682,169983",1,1,2024-01-04
2024-01-04 08:00:00,"502,6335210489881","702,530029",1,1,2024-01-04
2024-01-04 09:00:00,"484,70071434391235","683,210022",1,1,2024-01-04
2024-01-04 10:00:00,"476,8860458947256","671,429993",1,1,2024-01-04
2024-01-04 11:00:00,"444,5319946961159","643,609985",1,1,2024-01-04
2024-01-04 12:00:00,"471,04726881804424","641,070007",1,1,2024-01-04
2024-01-04 13:00:00,"488,10405105461535","686,940002",1,1,2024-01-04
2024-01-04 14:00:00,"490,3595518857786","735,48999",1,1,2024-01-04
2024-01-04 15:00:00,"482,389104868179","788,51001",1,1,2024-01-04
2024-01-04 16:00:00,"523,8039708808606","993,599976",1,1,2024-01-04
2024-01-04 17:00:00,"527,3372513141331","1078,77002",1,1,2024-01-04
2024-01-04 18:00:00,"504,9105990870466","932,22998",1,1,2024-01-04
2024-01-04 19:00:00,"440,62304630835985","772,549988",1,1,2024-01-04
2024-01-04 20:00:00,"376,55652565815507","745,859985",1,1,2024-01-04
2024-01-04 21:00:00,"362,29966374986435","707,450012",1,1,2024-01-04
2024-01-04 22:00:00,"254,53667873679058","662,47998",1,1,2024-01-04
2024-01-04 23:00:00,"239,22254019089615","642,059998",1,1,2024-01-04
2024-01-05 00:00:00,"227,8175419043431","600,51001",1,1,2024-01-05
2024-01-05 01:00:00,"221,77324534932882","574,409973",1,1,2024-01-05
2024-01-05 02:00:00,"213,168332661388","546,059998",1,1,2024-01-05
2024-01-05 03:00:00,"212,84208532641907","552,330017",1,1,2024-01-05
2024-01-05 04:00:00,"222,83243187716198","567,099976",1,1,2024-01-05
2024-01-05 05:00:00,"254,39877059777697","604,169983",1,1,2024-01-05
2024-01-05 06:00:00,"381,74581453043425","648,919983",1,1,2024-01-05
2024-01-05 07:00:00,"424,4768131916041","668,090027",1,1,2024-01-05
2024-01-05 08:00:00,"417,60398798617103","708,070007",1,1,2024-01-05
2024-01-05 09:00:00,"378,5368020908442","718,140015",1,1,2024-01-05
2024-01-05 10:00:00,"368,725706556508","732,609985",1,1,2024-01-05
2024-01-05 11:00:00,"327,91990253487836","688,01001",1,1,2024-01-05
2024-01-05 12:00:00,"296,7103303304152","682,780029",1,1,2024-01-05
2024-01-05 13:00:00,"306,75219061856467","719,109985",1,1,2024-01-05
2024-01-05 14:00:00,"336,53216127814244","746,26001",1,1,2024-01-05
2024-01-05 15:00:00,"393,63452972930725","768,039978",1,1,2024-01-05
2024-01-05 16:00:00,"428,0501883011168","800,929993",1,1,2024-01-05
2024-01-05 17:00:00,"435,16337650742173","808,909973",1,1,2024-01-05
2024-01-05 18:00:00,"373,923863690986","775,419983",1,1,2024-01-05
2024-01-05 19:00:00,"323,8905749005815","746,559998",1,1,2024-01-05
2024-01-05 20:00:00,"306,5634137360966","702,549988",1,1,2024-01-05
2024-01-05 21:00:00,"340,19916278979844","708,0",1,1,2024-01-05
2024-01-05 22:00:00,"266,82021709003436","647,429993",1,1,2024-01-05
2024-01-05 23:00:00,"208,5339754212815","613,47998",1,1,2024-01-05
2024-01-06 00:00:00,"178,98841990983954","598,190002",1,1,2024-01-06
2024-01-06 01:00:00,"172,86838860535136","567,830017",1,1,2024-01-06
2024-01-06 02:00:00,"160,36730129483192","544,559998",1,1,2024-01-06
2024-01-06 03:00:00,"156,57784731455746","544,559998",1,1,2024-01-06
2024-01-06 04:00:00,"161,35420661478904","556,340027",1,1,2024-01-06
2024-01-06 05:00:00,"166,29411777158995","560,150024",1,1,2024-01-06
2024-01-06 06:00:00,"231,86630774841822","607,059998",1,1,2024-01-06
2024-01-06 07:00:00,"316,31502812012985","659,349976",1,1,2024-01-06
2024-01-06 08:00:00,"374,6241937642899","687,909973",1,1,2024-01-06
2024-01-06 09:00:00,"367,51401625724","725,72998",1,1,2024-01-06
2024-01-06 10:00:00,"343,5537531222272","749,070007",1,1,2024-01-06
2024-01-06 11:00:00,"331,25704507236014","739,599976",1,1,2024-01-06
2024-01-06 12:00:00,"356,45841658395034","710,210022",1,1,2024-01-06
2024-01-06 13:00:00,"407,0969499992828","690,299988",1,1,2024-01-06
2024-01-06 14:00:00,"428,3400533844898","709,23999",1,1,2024-01-06
2024-01-06 15:00:00,"480,69978052443633","744,75",1,1,2024-01-06
2024-01-06 16:00:00,"542,3054785704571","780,849976",1,1,2024-01-06
2024-01-06 17:00:00,"567,3821022205033","774,51001",1,1,2024-01-06
2024-01-06 18:00:00,"520,0986044651311","740,719971",1,1,2024-01-06
2024-01-06 19:00:00,"465,5679727083962","687,909973",1,1,2024-01-06
2024-01-06 20:00:00,"397,35076939776474","656,359985",1,1,2024-01-06
2024-01-06 21:00:00,"321,220885424427","647,039978",1,1,2024-01-06
2024-01-06 22:00:00,"261,15018305080304","596,919983",1,1,2024-01-06
2024-01-06 23:00:00,"215,0947094122303","642,570007",1,1,2024-01-06
2024-01-07 00:00:00,"176,91706970452245","615,049988",1,1,2024-01-07
2024-01-07 01:00:00,"157,9511660874989","573,72998",1,1,2024-01-07
2024-01-07 02:00:00,"139,79971297892413","561,48999",1,1,2024-01-07
2024-01-07 03:00:00,"123,00661838385871","546,950012",1,1,2024-01-07
2024-01-07 04:00:00,"117,33922378584418","550,309998",1,1,2024-01-07
2024-01-07 05:00:00,"114,04362636969046","560,450012",1,1,2024-01-07
2024-01-07 06:00:00,"120,18388922260789","582,080017",1,1,2024-01-07
2024-01-07 07:00:00,"160,60278121505914","610,049988",1,1,2024-01-07
2024-01-07 08:00:00,"182,1064494965814","634,219971",1,1,2024-01-07
2024-01-07 09:00:00,"179,78611201600827","650,030029",1,1,2024-01-07
2024-01-07 10:00:00,"169,03054467056182","666,210022",1,1,2024-01-07
2024-01-07 11:00:00,"154,54682059434882","682,469971",1,1,2024-01-07
2024-01-07 12:00:00,"144,0694028444533","652,789978",1,1,2024-01-07
2024-01-07 13:00:00,"150,2704367328398","634,219971",1,1,2024-01-07
2024-01-07 14:00:00,"186,9370471408646","656,440002",1,1,2024-01-07
2024-01-07 15:00:00,"218,98376847319324","696,799988",1,1,2024-01-07
2024-01-07 16:00:00,"254,99579330355064","759,080017",1,1,2024-01-07
2024-01-07 17:00:00,"243,0319647016269","782,049988",1,1,2024-01-07
2024-01-07 18:00:00,"204,6280484179855","772,349976",1,1,2024-01-07
2024-01-07 19:00:00,"181,89365166662773","749,599976",1,1,2024-01-07
2024-01-07 20:00:00,"172,0104146565667","695,97998",1,1,2024-01-07
2024-01-07 21:00:00,"177,12953008258955","680,01001",1,1,2024-01-07
2024-01-07 22:00:00,"149,07882316053622","625,48999",1,1,2024-01-07
2024-01-07 23:00:00,"142,6784696105955","649,059998",1,1,2024-01-07
2024-01-08 00:00:00,"191,9693103993729","628,919983",1,2,2024-01-08
2024-01-08 01:00:00,"127,52846611735225","610,27002",1,2,2024-01-08
2024-01-08 02:00:00,"111,87036900817736","590,059998",1,2,2024-01-08
2024-01-08 03:00:00,"113,22630745462766","585,359985",1,2,2024-01-08
2024-01-08 04:00:00,"136,90697276728122","612,359985",1,2,2024-01-08
2024-01-08 05:00:00,"182,95193624669483","703,359985",1,2,2024-01-08
2024-01-08 06:00:00,"240,74153161274444","828,669983",1,2,2024-01-08
2024-01-08 07:00:00,"265,81609107889955","903,330017",1,2,2024-01-08
2024-01-08 08:00:00,"253,27503462370197","878,859985",1,2,2024-01-08
2024-01-08 09:00:00,"236,07229751290922","824,940002",1,2,2024-01-08
2024-01-08 10:00:00,"215,64467356062653","768,25",1,2,2024-01-08
2024-01-08 11:00:00,"205,075779438426","712,309998",1,2,2024-01-08
2024-01-08 12:00:00,"205,38068940640164","701,349976",1,2,2024-01-08
2024-01-08 13:00:00,"213,3471325661644","763,25",1,2,2024-01-08
2024-01-08 14:00:00,"247,48385480962045","805,390015",1,2,2024-01-08
2024-01-08 15:00:00,"372,7931446751115","923,619995",1,2,2024-01-08
2024-01-08 16:00:00,"439,6975750880252","963,299988",1,2,2024-01-08
2024-01-08 17:00:00,"448,3711606368885","969,710022",1,2,2024-01-08
2024-01-08 18:00:00,"405,28433473782343","910,859985",1,2,2024-01-08
2024-01-08 19:00:00,"331,45696107794976","851,859985",1,2,2024-01-08
2024-01-08 20:00:00,"294,41028531290243","766,97998",1,2,2024-01-08
2024-01-08 21:00:00,"290,1665836941215","745,719971",1,2,2024-01-08
2024-01-08 22:00:00,"238,659539677007","682,400024",1,2,2024-01-08
2024-01-08 23:00:00,"201,33116229800106","657,710022",1,2,2024-01-08
2024-01-09 00:00:00,"170,78648153926645","649,359985",1,2,2024-01-09
2024-01-09 01:00:00,"192,0855647255929","634,140015",1,2,2024-01-09
2024-01-09 02:00:00,"181,92576208752413","627,719971",1,2,2024-01-09
2024-01-09 03:00:00,"175,41637804884925","639,51001",1,2,2024-01-09
2024-01-09 04:00:00,"202,66828919995132","666,070007",1,2,2024-01-09
2024-01-09 05:00:00,"316,80971735105084","809,530029",1,2,2024-01-09
2024-01-09 06:00:00,"373,04112143792713","925,539978",1,2,2024-01-09
2024-01-09 07:00:00,"420,2528147886401","994,030029",1,2,2024-01-09
2024-01-09 08:00:00,"394,13071705469207","902,039978",1,2,2024-01-09
2024-01-09 09:00:00,"398,9162165883754","844,450012",1,2,2024-01-09
2024-01-09 10:00:00,"395,88068043421276","789,169983",1,2,2024-01-09
2024-01-09 11:00:00,"398,49706665206105","747,690002",1,2,2024-01-09
2024-01-09 12:00:00,"392,3813961949791","752,159973",1,2,2024-01-09
2024-01-09 13:00:00,"410,0095715237553","827,289978",1,2,2024-01-09
2024-01-09 14:00:00,"446,5343848748318","890,780029",1,2,2024-01-09
2024-01-09 15:00:00,"527,4267232082075","953,820007",1,2,2024-01-09
2024-01-09 16:00:00,"554,4173967314674","1028,349976",1,2,2024-01-09
2024-01-09 17:00:00,"538,1794836723969","1028,050049",1,2,2024-01-09
2024-01-09 18:00:00,"503,99634180314865","973,070007",1,2,2024-01-09
2024-01-09 19:00:00,"471,02135900478714","897,039978",1,2,2024-01-09
2024-01-09 20:00:00,"416,036755209353","833,179993",1,2,2024-01-09
2024-01-09 21:00:00,"395,32257705926764","792,150024",1,2,2024-01-09
2024-01-09 22:00:00,"303,6924896042497","724,340027",1,2,2024-01-09
2024-01-09 23:00:00,"250,81635662119842","665,900024",1,2,2024-01-09
2024-01-10 00:00:00,"256,78248710684215","647,039978",1,2,2024-01-10
2024-01-10 01:00:00,"260,5140742840617","646,809998",1,2,2024-01-10
2024-01-10 02:00:00,"239,97741713795048","642,039978",1,2,2024-01-10
2024-01-10 03:00:00,"210,85076644397756","643,599976",1,2,2024-01-10
2024-01-10 04:00:00,"245,763117859249","664,109985",1,2,2024-01-10
2024-01-10 05:00:00,"291,3997305508141","812,0",1,2,2024-01-10
2024-01-10 06:00:00,"437,6431882543217","941,840027",1,2,2024-01-10
2024-01-10 07:00:00,"508,9992171610806","1053,630005",1,2,2024-01-10
2024-01-10 08:00:00,"511,5880345226048","972,419983",1,2,2024-01-10
2024-01-10 09:00:00,"497,90710916831665","884,190002",1,2,2024-01-10
2024-01-10 10:00:00,"479,52426540376257","813,869995",1,2,2024-01-10
2024-01-10 11:00:00,"475,15961207030495","762,26001",1,2,2024-01-10
2024-01-10 12:00:00,"465,21330734499657","787,609985",1,2,2024-01-10
2024-01-10 13:00:00,"501,59116375474434","842,059998",1,2,2024-01-10
2024-01-10 14:00:00,"538,2484093262487","923,27002",1,2,2024-01-10
2024-01-10 15:00:00,"561,8281613558898","1004,109985",1,2,2024-01-10
2024-01-10 16:00:00,"597,0321736203289","1072,349976",1,2,2024-01-10
2024-01-10 17:00:00,"589,0910146961683","1044,089966",1,2,2024-01-10
2024-01-10 18:00:00,"552,3651505303573","985,539978",1,2,2024-01-10
2024-01-10 19:00:00,"505,85337665710927","894,929993",1,2,2024-01-10
2024-01-10 20:00:00,"408,545175372652","818,559998",1,2,2024-01-10
2024-01-10 21:00:00,"369,78102939175443","779,26001",1,2,2024-01-10
2024-01-10 22:00:00,"280,17467930161075","677,909973",1,2,2024-01-10
2024-01-10 23:00:00,"254,05620280181714","684,27002",1,2,2024-01-10
2024-01-11 00:00:00,"220,30337017442776","660,700012",1,2,2024-01-11
2024-01-11 01:00:00,"181,22880135817647","650,710022",1,2,2024-01-11
2024-01-11 02:00:00,"134,8119160636421","614,390015",1,2,2024-01-11
2024-01-11 03:00:00,"137,7733266426983","611,179993",1,2,2024-01-11
2024-01-11 04:00:00,"166,88510858082785","666,440002",1,2,2024-01-11
2024-01-11 05:00:00,"256,9136968149394","761,22998",1,2,2024-01-11
2024-01-11 06:00:00,"381,77315425677807","871,530029",1,2,2024-01-11
2024-01-11 07:00:00,"446,28135622185624","1051,569946",1,2,2024-01-11
2024-01-11 08:00:00,"434,9543136189696","963,27002",1,2,2024-01-11
2024-01-11 09:00:00,"402,51111168401616","847,590027",1,2,2024-01-11
2024-01-11 10:00:00,"367,9169412112085","794,119995",1,2,2024-01-11
2024-01-11 11:00:00,"337,5818601319071","741,169983",1,2,2024-01-11
2024-01-11 12:00:00,"272,56446874905174","738,340027",1,2,2024-01-11
2024-01-11 13:00:00,"333,147278877988","790,390015",1,2,2024-01-11
2024-01-11 14:00:00,"378,8346674091788","879,73999",1,2,2024-01-11
2024-01-11 15:00:00,"420,96494306735156","1024,349976",1,2,2024-01-11
2024-01-11 16:00:00,"532,7063062613913","1119,359985",1,2,2024-01-11
2024-01-11 17:00:00,"568,5156947469402","1019,429993",1,2,2024-01-11
2024-01-11 18:00:00,"523,8635973798954","986,76001",1,2,2024-01-11
2024-01-11 19:00:00,"437,72280436505565","879,140015",1,2,2024-01-11
2024-01-11 20:00:00,"391,77757915684975","799,419983",1,2,2024-01-11
2024-01-11 21:00:00,"364,1220213141675","745,789978",1,2,2024-01-11
2024-01-11 22:00:00,"261,690757415779","725,059998",1,2,2024-01-11
2024-01-11 23:00:00,"239,37545961501996","678,890015",1,2,2024-01-11
2024-01-12 00:00:00,"219,63869092106995","657,859985",1,2,2024-01-12
2024-01-12 01:00:00,"208,3652999610754","635,48999",1,2,2024-01-12
2024-01-12 02:00:00,"200,8254241004271","631,090027",1,2,2024-01-12
2024-01-12 03:00:00,"201,31197104224432","628,929993",1,2,2024-01-12
2024-01-12 04:00:00,"208,8194081670864","628,190002",1,2,2024-01-12
2024-01-12 05:00:00,"228,9167357850838","665,469971",1,2,2024-01-12
2024-01-12 06:00:00,"349,179275228451","881,130005",1,2,2024-01-12
2024-01-12 07:00:00,"441,09784425583706","1049,51001",1,2,2024-01-12
2024-01-12 08:00:00,"448,0549863376925","1006,409973",1,2,2024-01-12
2024-01-12 09:00:00,"448,77775600710856","909,840027",1,2,2024-01-12
2024-01-12 10:00:00,"448,701965912963","855,549988",1,2,2024-01-12
2024-01-12 11:00:00,"430,4753379830504","797,76001",1,2,2024-01-12
2024-01-12 12:00:00,"378,85338217539953","768,679993",1,2,2024-01-12
2024-01-12 13:00:00,"429,9271026087975","779,559998",1,2,2024-01-12
2024-01-12 14:00:00,"480,34197897239574","820,280029",1,2,2024-01-12
2024-01-12 15:00:00,"491,18579638748815","894,849976",1,2,2024-01-12
2024-01-12 16:00:00,"474,5960111446412","950,780029",1,2,2024-01-12
2024-01-12 17:00:00,"483,96563650088535","939,590027",1,2,2024-01-12
2024-01-12 18:00:00,"491,60009400264966","890,900024",1,2,2024-01-12
2024-01-12 19:00:00,"460,3759055787404","798,880005",1,2,2024-01-12
2024-01-12 20:00:00,"350,0308916210286","683,820007",1,2,2024-01-12
2024-01-12 21:00:00,"374,18523129057206","634,0",1,2,2024-01-12
2024-01-12 22:00:00,"299,4003406144499","615,140015",1,2,2024-01-12
2024-01-12 23:00:00,"233,27036760627064","544,869995",1,2,2024-01-12
2024-01-13 00:00:00,"215,20031034649244","558,140015",1,2,2024-01-13
2024-01-13 01:00:00,"217,60785227166411","549,200012",1,2,2024-01-13
2024-01-13 02:00:00,"207,21887822714015","532,190002",1,2,2024-01-13
2024-01-13 03:00:00,"209,34584064997844","538,679993",1,2,2024-01-13
2024-01-13 04:00:00,"211,92959231596112","512,51001",1,2,2024-01-13
2024-01-13 05:00:00,"210,99124313537934","486,040009",1,2,2024-01-13
2024-01-13 06:00:00,"279,9167844069057","510,869995",1,2,2024-01-13
2024-01-13 07:00:00,"337,8416865927565","500,799988",1,2,2024-01-13
2024-01-13 08:00:00,"411,3604335723583","546,659973",1,2,2024-01-13
2024-01-13 09:00:00,"425,9013161851529","537,039978",1,2,2024-01-13
2024-01-13 10:00:00,"432,0948936407049","529,289978",1,2,2024-01-13
2024-01-13 11:00:00,"432,30730659634037","521,609985",1,2,2024-01-13
2024-01-13 12:00:00,"431,942615881186","474,779999",1,2,2024-01-13
2024-01-13 13:00:00,"460,12333185033464","506,390015",1,2,2024-01-13
2024-01-13 14:00:00,"504,6650532063691","511,609985",1,2,2024-01-13
2024-01-13 15:00:00,"544,5406513269263","527,789978",1,2,2024-01-13
2024-01-13 16:00:00,"623,0210846720314","553,450012",1,2,2024-01-13
2024-01-13 17:00:00,"619,1649341269559","565,299988",1,2,2024-01-13
2024-01-13 18:00:00,"571,8214825152659","550,460022",1,2,2024-01-13
2024-01-13 19:00:00,"515,9743718257629","544,799988",1,2,2024-01-13
2024-01-13 20:00:00,"462,58113844815324","528,909973",1,2,2024-01-13
2024-01-13 21:00:00,"422,1835503524089","479,470001",1,2,2024-01-13
2024-01-13 22:00:00,"345,8514740857187","470,970001",1,2,2024-01-13
2024-01-13 23:00:00,"345,469783979884","477,420013",1,2,2024-01-13
2024-01-14 00:00:00,"251,05874830576454","463,179993",1,2,2024-01-14
2024-01-14 01:00:00,"223,66505379006554","469,290009",1,2,2024-01-14
2024-01-14 02:00:00,"208,44885992414504","477,350006",1,2,2024-01-14
2024-01-14 03:00:00,"192,80342542452954","482,269989",1,2,2024-01-14
2024-01-14 04:00:00,"189,25443152952946","486,220001",1,2,2024-01-14
2024-01-14 05:00:00,"195,26640642757948","501,950012",1,2,2024-01-14
2024-01-14 06:00:00,"205,99596586331293","534,390015",1,2,2024-01-14
2024-01-14 07:00:00,"223,32456491241544","572,280029",1,2,2024-01-14
2024-01-14 08:00:00,"245,33975723241522","605,090027",1,2,2024-01-14
2024-01-14 09:00:00,"250,48621384027666","601,289978",1,2,2024-01-14
2024-01-14 10:00:00,"250,95902053354084","610,309998",1,2,2024-01-14
2024-01-14 11:00:00,"251,02126446428542","599,5",1,2,2024-01-14
2024-01-14 12:00:00,"232,0916722076976","574,52002",1,2,2024-01-14
2024-01-14 13:00:00,"244,71805195896627","590,25",1,2,2024-01-14
2024-01-14 14:00:00,"258,36607062324276","613,890015",1,2,2024-01-14
2024-01-14 15:00:00,"300,5971938817594","645,960022",1,2,2024-01-14
2024-01-14 16:00:00,"371,8201432066018","685,030029",1,2,2024-01-14
2024-01-14 17:00:00,"370,7060862485315","705,76001",1,2,2024-01-14
2024-01-14 18:00:00,"270,65052847236814","635,809998",1,2,2024-01-14
2024-01-14 19:00:00,"266,6130977651053","589,580017",1,2,2024-01-14
2024-01-14 20:00:00,"252,43552747962158","586,150024",1,2,2024-01-14
2024-01-14 21:00:00,"258,87292343503054","562,210022",1,2,2024-01-14
2024-01-14 22:00:00,"220,45284021617135","501,059998",1,2,2024-01-14
2024-01-14 23:00:00,"222,9352453621526","506,350006",1,2,2024-01-14
2024-01-15 00:00:00,"254,60082047486998","484,730011",1,3,2024-01-15
2024-01-15 01:00:00,"200,73390124580195","476,820007",1,3,2024-01-15
2024-01-15 02:00:00,"176,24346972966725","462,649994",1,3,2024-01-15
2024-01-15 03:00:00,"171,93273508197143","462,649994",1,3,2024-01-15
2024-01-15 04:00:00,"196,37457614273046","516,419983",1,3,2024-01-15
2024-01-15 05:00:00,"229,89371098664733","596,219971",1,3,2024-01-15
2024-01-15 06:00:00,"270,96856555186935","625,22998",1,3,2024-01-15
2024-01-15 07:00:00,"357,905635942317","740,52002",1,3,2024-01-15
2024-01-15 08:00:00,"339,7821637976459","747,900024",1,3,2024-01-15
2024-01-15 09:00:00,"285,7453625617025","707,549988",1,3,2024-01-15
2024-01-15 10:00:00,"268,10542785001655","673,099976",1,3,2024-01-15
2024-01-15 11:00:00,"263,95917646179896","625,369995",1,3,2024-01-15
2024-01-15 12:00:00,"260,9485475100607","612,619995",1,3,2024-01-15
2024-01-15 13:00:00,"272,07236679517825","630,150024",1,3,2024-01-15
2024-01-15 14:00:00,"332,5903120286372","666,98999",1,3,2024-01-15
2024-01-15 15:00:00,"445,59802240758","745,140015",1,3,2024-01-15
2024-01-15 16:00:00,"499,9692494461949","813,450012",1,3,2024-01-15
2024-01-15 17:00:00,"518,1250517873336","861,849976",1,3,2024-01-15
2024-01-15 18:00:00,"484,4077324035996","825,22998",1,3,2024-01-15
2024-01-15 19:00:00,"461,54389440212896","769,22998",1,3,2024-01-15
2024-01-15 20:00:00,"416,36635268113275","693,159973",1,3,2024-01-15
2024-01-15 21:00:00,"411,8391911561334","667,359985",1,3,2024-01-15
2024-01-15 22:00:00,"349,83110088400974","644,539978",1,3,2024-01-15
2024-01-15 23:00:00,"331,0121976844276","607,469971",1,3,2024-01-15
2024-01-16 00:00:00,"280,5141421728613","607,099976",1,3,2024-01-16
2024-01-16 01:00:00,"301,56426125236686","597,179993",1,3,2024-01-16
2024-01-16 02:00:00,"264,7907965658321","583,679993",1,3,2024-01-16
2024-01-16 03:00:00,"256,28343714978615","578,679993",1,3,2024-01-16
2024-01-16 04:00:00,"267,52463154005903","622,390015",1,3,2024-01-16
2024-01-16 05:00:00,"400,0938515143703","701,590027",1,3,2024-01-16
2024-01-16 06:00:00,"474,0861161895973","855,97998",1,3,2024-01-16
2024-01-16 07:00:00,"498,7120914641566","1119,849976",1,3,2024-01-16
2024-01-16 08:00:00,"480,1726566672051","1121,119995",1,3,2024-01-16
2024-01-16 09:00:00,"474,8467008715385","1039,670044",1,3,2024-01-16
2024-01-16 10:00:00,"469,9446917621756","871,940002",1,3,2024-01-16
2024-01-16 11:00:00,"469,8730344066758","771,400024",1,3,2024-01-16
2024-01-16 12:00:00,"469,5466834532557","708,380005",1,3,2024-01-16
2024-01-16 13:00:00,"484,91466026276373","715,98999",1,3,2024-01-16
2024-01-16 14:00:00,"520,9991772071972","822,27002",1,3,2024-01-16
2024-01-16 15:00:00,"627,7106427933677","830,77002",1,3,2024-01-16
2024-01-16 16:00:00,"673,2506634239301","955,77002",1,3,2024-01-16
2024-01-16 17:00:00,"657,5828449361886","949,5",1,3,2024-01-16
2024-01-16 18:00:00,"612,8341218133186","833,599976",1,3,2024-01-16
2024-01-16 19:00:00,"557,1894332360345","712,179993",1,3,2024-01-16
2024-01-16 20:00:00,"498,3088362069042","642,969971",1,3,2024-01-16
2024-01-16 21:00:00,"467,3499683986335","611,869995",1,3,2024-01-16
2024-01-16 22:00:00,"411,08879635083855","579,429993",1,3,2024-01-16
2024-01-16 23:00:00,"352,65237387384906","506,070007",1,3,2024-01-16
2024-01-17 00:00:00,"355,94476230516244","502,269989",1,3,2024-01-17
2024-01-17 01:00:00,"357,1761710859692","495,779999",1,3,2024-01-17
2024-01-17 02:00:00,"343,3704962348259","489,220001",1,3,2024-01-17
2024-01-17 03:00:00,"350,85634073307193","487,429993",1,3,2024-01-17
2024-01-17 04:00:00,"379,5024176240459","487,209991",1,3,2024-01-17
2024-01-17 05:00:00,"438,9566863405424","499,209991",1,3,2024-01-17
2024-01-17 06:00:00,"562,305121124737","591,23999",1,3,2024-01-17
2024-01-17 07:00:00,"691,1870321096172","715,929993",1,3,2024-01-17
2024-01-17 08:00:00,"667,7409045837496","767,159973",1,3,2024-01-17
2024-01-17 09:00:00,"621,6741300520621","797,289978",1,3,2024-01-17
2024-01-17 10:00:00,"592,8679446244217","802,890015",1,3,2024-01-17
2024-01-17 11:00:00,"563,1545756693505","877,840027",1,3,2024-01-17
2024-01-17 12:00:00,"573,2883617984882","907,590027",1,3,2024-01-17
2024-01-17 13:00:00,"615,2021475870611","907,890015",1,3,2024-01-17
2024-01-17 14:00:00,"666,7058612738327","935,630005",1,3,2024-01-17
2024-01-17 15:00:00,"704,162495879771","958,75",1,3,2024-01-17
2024-01-17 16:00:00,"759,940658608474","1047,939941",1,3,2024-01-17
2024-01-17 17:00:00,"735,3287691122125","921,690002",1,3,2024-01-17
2024-01-17 18:00:00,"682,92009270469","852,26001",1,3,2024-01-17
2024-01-17 19:00:00,"614,6193343557412","818,849976",1,3,2024-01-17
2024-01-17 20:00:00,"505,3619047008737","753,890015",1,3,2024-01-17
2024-01-17 21:00:00,"460,42000061656597","703,099976",1,3,2024-01-17
2024-01-17 22:00:00,"379,33865425446936","627,710022",1,3,2024-01-17
2024-01-17 23:00:00,"387,18950890138314","606,580017",1,3,2024-01-17
2024-01-18 00:00:00,"334,4456590886792","575,780029",1,3,2024-01-18
2024-01-18 01:00:00,"311,12224739105636","561,530029",1,3,2024-01-18
2024-01-18 02:00:00,"267,9778688784522","558,700012",1,3,2024-01-18
2024-01-18 03:00:00,"294,38011845770956","578,539978",1,3,2024-01-18
2024-01-18 04:00:00,"364,9131042290799","604,119995",1,3,2024-01-18
2024-01-18 05:00:00,"444,21032784776077","680,570007",1,3,2024-01-18
2024-01-18 06:00:00,"542,7833732419202","831,969971",1,3,2024-01-18
2024-01-18 07:00:00,"669,0890833389448","938,919983",1,3,2024-01-18
2024-01-18 08:00:00,"651,7321140602422","911,179993",1,3,2024-01-18
2024-01-18 09:00:00,"583,4799319986018","827,119995",1,3,2024-01-18
2024-01-18 10:00:00,"523,8014553306057","805,119995",1,3,2024-01-18
2024-01-18 11:00:00,"491,08550783107626","697,719971",1,3,2024-01-18
2024-01-18 12:00:00,"484,28334221307114","653,48999",1,3,2024-01-18
2024-01-18 13:00:00,"533,167084190877","644,619995",1,3,2024-01-18
2024-01-18 14:00:00,"576,0422048369585","702,940002",1,3,2024-01-18
2024-01-18 15:00:00,"696,6850572695711","742,25",1,3,2024-01-18
2024-01-18 16:00:00,"817,6356385198765","780,72998",1,3,2024-01-18
2024-01-18 17:00:00,"808,4573180530055","770,140015",1,3,2024-01-18
2024-01-18 18:00:00,"732,3723618017112","705,030029",1,3,2024-01-18
2024-01-18 19:00:00,"597,9048666740981","648,650024",1,3,2024-01-18
2024-01-18 20:00:00,"548,2315105456607","605,090027",1,3,2024-01-18
2024-01-18 21:00:00,"533,7556734009045","577,48999",1,3,2024-01-18
2024-01-18 22:00:00,"478,2799454122425","532,0",1,3,2024-01-18
2024-01-18 23:00:00,"466,33206759509574","510,089996",1,3,2024-01-18
2024-01-19 00:00:00,"442,29655991926404","487,269989",1,3,2024-01-19
2024-01-19 01:00:00,"428,9619846783436","477,649994",1,3,2024-01-19
2024-01-19 02:00:00,"421,12065964191146","468,029999",1,3,2024-01-19
2024-01-19 03:00:00,"421,1041880934697","472,209991",1,3,2024-01-19
2024-01-19 04:00:00,"420,8318753058063","491,079987",1,3,2024-01-19
2024-01-19 05:00:00,"454,239531392419","564,830017",1,3,2024-01-19
2024-01-19 06:00:00,"515,3412600220396","639,330017",1,3,2024-01-19
2024-01-19 07:00:00,"579,5250985911432","776,030029",1,3,2024-01-19
2024-01-19 08:00:00,"573,261666990485","767,0",1,3,2024-01-19
2024-01-19 09:00:00,"544,7714190340995","709,580017",1,3,2024-01-19
2024-01-19 10:00:00,"536,9124712922595","644,030029",1,3,2024-01-19
2024-01-19 11:00:00,"502,1651172063615","572,960022",1,3,2024-01-19
2024-01-19 12:00:00,"491,60680252007967","547,01001",1,3,2024-01-19
2024-01-19 13:00:00,"510,296157136429","560,880005",1,3,2024-01-19
2024-01-19 14:00:00,"548,2311928180553","577,580017",1,3,2024-01-19
2024-01-19 15:00:00,"579,8822274492635","631,570007",1,3,2024-01-19
2024-01-19 16:00:00,"713,3915010956691","698,02002",1,3,2024-01-19
2024-01-19 17:00:00,"710,7777863787644","656,630005",1,3,2024-01-19
2024-01-19 18:00:00,"621,5050527500861","576,98999",1,3,2024-01-19
2024-01-19 19:00:00,"544,7855837581524","551,849976",1,3,2024-01-19
2024-01-19 20:00:00,"499,29352249937705","530,380005",1,3,2024-01-19
2024-01-19 21:00:00,"520,4687738407515","511,880005",1,3,2024-01-19
2024-01-19 22:00:00,"479,44480123730864","482,869995",1,3,2024-01-19
2024-01-19 23:00:00,"437,18990172537167","492,200012",1,3,2024-01-19
2024-01-20 00:00:00,"429,5674257774096","473,179993",1,3,2024-01-20
2024-01-20 01:00:00,"428,36316473988825","473,850006",1,3,2024-01-20
2024-01-20 02:00:00,"416,5208970876763","461,019989",1,3,2024-01-20
2024-01-20 03:00:00,"407,88215209301904","461,25",1,3,2024-01-20
2024-01-20 04:00:00,"401,4968090758402","460,5",1,3,2024-01-20
2024-01-20 05:00:00,"400,02080328609486","466,769989",1,3,2024-01-20
2024-01-20 06:00:00,"451,09172122252517","498,910004",1,3,2024-01-20
2024-01-20 07:00:00,"490,1374017478505","557,969971",1,3,2024-01-20
2024-01-20 08:00:00,"489,5173496785848","580,940002",1,3,2024-01-20
2024-01-20 09:00:00,"493,87636836783054","535,450012",1,3,2024-01-20
2024-01-20 10:00:00,"488,2946162695616","527,77002",1,3,2024-01-20
2024-01-20 11:00:00,"484,5465561082669","505,100006",1,3,2024-01-20
2024-01-20 12:00:00,"468,15777159168016","512,929993",1,3,2024-01-20
2024-01-20 13:00:00,"502,82290099987824","547,309998",1,3,2024-01-20
2024-01-20 14:00:00,"545,3950619513499","589,960022",1,3,2024-01-20
2024-01-20 15:00:00,"600,0781626354158","654,77002",1,3,2024-01-20
2024-01-20 16:00:00,"648,5687431179185","707,940002",1,3,2024-01-20
2024-01-20 17:00:00,"641,9463757022594","744,780029",1,3,2024-01-20
2024-01-20 18:00:00,"606,0462140178189","682,880005",1,3,2024-01-20
2024-01-20 19:00:00,"559,2659048667105","596,599976",1,3,2024-01-20
2024-01-20 20:00:00,"533,4793721382769","547,309998",1,3,2024-01-20
2024-01-20 21:00:00,"498,0984153690227","525,159973",1,3,2024-01-20
2024-01-20 22:00:00,"464,59096511217285","499,579987",1,3,2024-01-20
2024-01-20 23:00:00,"468,37507944009326","445,26001",1,3,2024-01-20
2024-01-21 00:00:00,"424,09061097550546","429,230011",1,3,2024-01-21
2024-01-21 01:00:00,"394,795972993837","411,329987",1,3,2024-01-21
2024-01-21 02:00:00,"388,5667512702354","379,549988",1,3,2024-01-21
2024-01-21 03:00:00,"387,2829034039785","361,799988",1,3,2024-01-21
2024-01-21 04:00:00,"388,6078000901742","353,899994",1,3,2024-01-21
2024-01-21 05:00:00,"389,8757072371596","339,579987",1,3,2024-01-21
2024-01-21 06:00:00,"396,0621865478409","327,869995",1,3,2024-01-21
2024-01-21 07:00:00,"425,5865528389027","383,059998",1,3,2024-01-21
2024-01-21 08:00:00,"447,96087363555074","405,429993",1,3,2024-01-21
2024-01-21 09:00:00,"469,40025684488666","343,529999",1,3,2024-01-21
2024-01-21 10:00:00,"470,8079734334853","363,0",1,3,2024-01-21
2024-01-21 11:00:00,"466,2364848821001","287,0",1,3,2024-01-21
2024-01-21 12:00:00,"480,6042817876737","281,100006",1,3,2024-01-21
2024-01-21 13:00:00,"460,54996188325276","330,399994",1,3,2024-01-21
2024-01-21 14:00:00,"475,83947650677766","365,76001",1,3,2024-01-21
2024-01-21 15:00:00,"502,04970713623436","371,649994",1,3,2024-01-21
2024-01-21 16:00:00,"535,4136513561979","422,51001",1,3,2024-01-21
2024-01-21 17:00:00,"553,7680484901251","458,309998",1,3,2024-01-21
2024-01-21 18:00:00,"506,17818017305103","437,359985",1,3,2024-01-21
2024-01-21 19:00:00,"483,8727777922434","384,100006",1,3,2024-01-21
2024-01-21 20:00:00,"455,268059433023","391,26001",1,3,2024-01-21
2024-01-21 21:00:00,"450,8377426917685","375,829987",1,3,2024-01-21
2024-01-21 22:00:00,"416,78691507999514","294,309998",1,3,2024-01-21
2024-01-21 23:00:00,"418,69106146887066","273,420013",1,3,2024-01-21
2024-01-22 00:00:00,"389,0700974171387","165,869995",1,4,2024-01-22
2024-01-22 01:00:00,"383,82733218154567","138,869995",1,4,2024-01-22
2024-01-22 02:00:00,"372,6540358782075","37,59",1,4,2024-01-22
2024-01-22 03:00:00,"372,46223929341687","37,740002",1,4,2024-01-22
2024-01-22 04:00:00,"387,4258704879257","149,169998",1,4,2024-01-22
2024-01-22 05:00:00,"431,2471925749621","302,059998",1,4,2024-01-22
2024-01-22 06:00:00,"485,0277904304299","451,01001",1,4,2024-01-22
2024-01-22 07:00:00,"529,903162060943","495,829987",1,4,2024-01-22
2024-01-22 08:00:00,"540,310158750777","429,450012",1,4,2024-01-22
2024-01-22 09:00:00,"515,3700753375904","459,059998",1,4,2024-01-22
2024-01-22 10:00:00,"486,0077424119322","451,970001",1,4,2024-01-22
2024-01-22 11:00:00,"470,3349689548322","424,529999",1,4,2024-01-22
2024-01-22 12:00:00,"458,7966575362086","423,040009",1,4,2024-01-22
2024-01-22 13:00:00,"479,52471420260844","434,299988",1,4,2024-01-22
2024-01-22 14:00:00,"504,1937590348272","445,48999",1,4,2024-01-22
2024-01-22 15:00:00,"631,3233054652703","447,429993",1,4,2024-01-22
2024-01-22 16:00:00,"703,7875283556651","461,299988",1,4,2024-01-22
2024-01-22 17:00:00,"726,4317795110036","455,179993",1,4,2024-01-22
2024-01-22 18:00:00,"695,3250159827408","447,720001",1,4,2024-01-22
2024-01-22 19:00:00,"654,604084496968","444,519989",1,4,2024-01-22
2024-01-22 20:00:00,"589,2228347194466","425,119995",1,4,2024-01-22
2024-01-22 21:00:00,"578,2626459566683","416,850006",1,4,2024-01-22
2024-01-22 22:00:00,"526,682948837289","372,019989",1,4,2024-01-22
2024-01-22 23:00:00,"498,03318496018716","121,040001",1,4,2024-01-22
2024-01-23 00:00:00,"473,1066291165875","75,330002",1,4,2024-01-23
2024-01-23 01:00:00,"481,24787671887475","69,879997",1,4,2024-01-23
2024-01-23 02:00:00,"454,8801167047318","31,1",1,4,2024-01-23
2024-01-23 03:00:00,"440,2405716793604","76,220001",1,4,2024-01-23
2024-01-23 04:00:00,"465,88042970383043","292,579987",1,4,2024-01-23
2024-01-23 05:00:00,"575,9813917758521","439,940002",1,4,2024-01-23
2024-01-23 06:00:00,"719,5489433521275","454,410004",1,4,2024-01-23
2024-01-23 07:00:00,"890,0470983896428","461,649994",1,4,2024-01-23
2024-01-23 08:00:00,"806,4183043952098","455,76001",1,4,2024-01-23
2024-01-23 09:00:00,"770,2159815351615","447,25",1,4,2024-01-23
2024-01-23 10:00:00,"718,957262240004","443,299988",1,4,2024-01-23
2024-01-23 11:00:00,"709,7936334461784","441,059998",1,4,2024-01-23
2024-01-23 12:00:00,"700,6594947741312","443,230011",1,4,2024-01-23
2024-01-23 13:00:00,"711,1078525375455","461,649994",1,4,2024-01-23
2024-01-23 14:00:00,"741,3888827869093","468,059998",1,4,2024-01-23
2024-01-23 15:00:00,"783,3807531538115","494,390015",1,4,2024-01-23
2024-01-23 16:00:00,"861,7949285804411","510,570007",1,4,2024-01-23
2024-01-23 17:00:00,"833,3854141820193","498,040009",1,4,2024-01-23
2024-01-23 18:00:00,"773,7326061831701","472,390015",1,4,2024-01-23
2024-01-23 19:00:00,"673,5049112588595","450,910004",1,4,2024-01-23
2024-01-23 20:00:00,"606,5877074027949","400,790009",1,4,2024-01-23
2024-01-23 21:00:00,"553,7728682423297","338,290009",1,4,2024-01-23
2024-01-23 22:00:00,"466,3507221459766","248,050003",1,4,2024-01-23
2024-01-23 23:00:00,"442,2667053593236","22,74",1,4,2024-01-23
2024-01-24 00:00:00,"421,91921145939955","-0,22",1,4,2024-01-24
2024-01-24 01:00:00,"418,079166697532","0,0",1,4,2024-01-24
2024-01-24 02:00:00,"413,9800650985972","-0,07",1,4,2024-01-24
2024-01-24 03:00:00,"410,85720328880825","-0,15",1,4,2024-01-24
2024-01-24 04:00:00,"431,14789112436387","-1,34",1,4,2024-01-24
2024-01-24 05:00:00,"469,3737594350134","110,07",1,4,2024-01-24
2024-01-24 06:00:00,"586,9742605259015","313,869995",1,4,2024-01-24
2024-01-24 07:00:00,"694,3055626067102","373,380005",1,4,2024-01-24
2024-01-24 08:00:00,"720,1072052369025","369,429993",1,4,2024-01-24
2024-01-24 09:00:00,"689,425910510777","373,600006",1,4,2024-01-24
2024-01-24 10:00:00,"672,5060026068184","378,670013",1,4,2024-01-24
2024-01-24 11:00:00,"667,9706523334456","293,209991",1,4,2024-01-24
2024-01-24 12:00:00,"666,0455966991029","271,73999",1,4,2024-01-24
2024-01-24 13:00:00,"706,9080839862156","335,869995",1,4,2024-01-24
2024-01-24 14:00:00,"746,6537101338228","372,480011",1,4,2024-01-24
2024-01-24 15:00:00,"819,0111503285447","378,820007",1,4,2024-01-24
2024-01-24 16:00:00,"880,8577338581438","404,25",1,4,2024-01-24
2024-01-24 17:00:00,"829,4630808438931","397,609985",1,4,2024-01-24
2024-01-24 18:00:00,"807,6560018366671","373,529999",1,4,2024-01-24
2024-01-24 19:00:00,"769,4190673009438","314,540009",1,4,2024-01-24
2024-01-24 20:00:00,"676,0467927403599","298,579987",1,4,2024-01-24
2024-01-24 21:00:00,"642,5572820293563","313,269989",1,4,2024-01-24
2024-01-24 22:00:00,"569,6293053928448","287,320007",1,4,2024-01-24
2024-01-24 23:00:00,"555,1643336436554","330,630005",1,4,2024-01-24
2024-01-25 00:00:00,"523,65734238704","335,98999",1,4,2024-01-25
2024-01-25 01:00:00,"494,7517235700095","323,170013",1,4,2024-01-25
2024-01-25 02:00:00,"449,28149088957355","334,950012",1,4,2024-01-25
2024-01-25 03:00:00,"458,98246561403386","344,640015",1,4,2024-01-25
2024-01-25 04:00:00,"448,68047529424626","390,579987",1,4,2024-01-25
2024-01-25 05:00:00,"581,2052610492575","432,709991",1,4,2024-01-25
2024-01-25 06:00:00,"734,94820203124","492,51001",1,4,2024-01-25
2024-01-25 07:00:00,"856,0418620187857","663,789978",1,4,2024-01-25
2024-01-25 08:00:00,"837,905914900679","635,679993",1,4,2024-01-25
2024-01-25 09:00:00,"780,566206072967","606,599976",1,4,2024-01-25
2024-01-25 10:00:00,"740,700860302559","568,340027",1,4,2024-01-25
2024-01-25 11:00:00,"683,1450363080456","545,450012",1,4,2024-01-25
2024-01-25 12:00:00,"670,6633001624461","566,630005",1,4,2024-01-25
2024-01-25 13:00:00,"698,7154031629428","633,659973",1,4,2024-01-25
2024-01-25 14:00:00,"752,514029386364","686,530029",1,4,2024-01-25
2024-01-25 15:00:00,"853,894098646838","755,950012",1,4,2024-01-25
2024-01-25 16:00:00,"954,0368130786727","920,0",1,4,2024-01-25
2024-01-25 17:00:00,"953,4853643518081","861,539978",1,4,2024-01-25
2024-01-25 18:00:00,"871,9420748476175","736,640015",1,4,2024-01-25
2024-01-25 19:00:00,"778,2393518028866","679,070007",1,4,2024-01-25
2024-01-25 20:00:00,"726,5273687848835","643,580017",1,4,2024-01-25
2024-01-25 21:00:00,"683,4829680293919","599,73999",1,4,2024-01-25
2024-01-25 22:00:00,"648,850440208583","560,440002",1,4,2024-01-25
2024-01-25 23:00:00,"612,9453715580072","468,200012",1,4,2024-01-25
2024-01-26 00:00:00,"578,1039422439445","461,940002",1,4,2024-01-26
2024-01-26 01:00:00,"565,3214011515292","436,070007",1,4,2024-01-26
2024-01-26 02:00:00,"550,110540906381","408,480011",1,4,2024-01-26
2024-01-26 03:00:00,"551,3850129699833","355,029999",1,4,2024-01-26
2024-01-26 04:00:00,"563,2235925079202","377,619995",1,4,2024-01-26
2024-01-26 05:00:00,"626,5213429234283","419,519989",1,4,2024-01-26
2024-01-26 06:00:00,"712,9877155121526","469,470001",1,4,2024-01-26
2024-01-26 07:00:00,"848,1659104230798","484,149994",1,4,2024-01-26
2024-01-26 08:00:00,"813,2242494352778","475,660004",1,4,2024-01-26
2024-01-26 09:00:00,"775,2530662739696","456,420013",1,4,2024-01-26
2024-01-26 10:00:00,"735,2867854134893","437,929993",1,4,2024-01-26
2024-01-26 11:00:00,"708,8991864579575","389,769989",1,4,2024-01-26
2024-01-26 12:00:00,"699,6805063694042","346,450012",1,4,2024-01-26
2024-01-26 13:00:00,"705,7301207502463","367,399994",1,4,2024-01-26
2024-01-26 14:00:00,"723,5984446860937","373,589996",1,4,2024-01-26
2024-01-26 15:00:00,"742,078197188533","393,200012",1,4,2024-01-26
2024-01-26 16:00:00,"806,7224737585165","427,720001",1,4,2024-01-26
2024-01-26 17:00:00,"814,6836499575197","412,140015",1,4,2024-01-26
2024-01-26 18:00:00,"788,7545713018969","406,540009",1,4,2024-01-26
2024-01-26 19:00:00,"729,3237686998064","404,980011",1,4,2024-01-26
2024-01-26 20:00:00,"651,1875468815496","405,200012",1,4,2024-01-26
2024-01-26 21:00:00,"631,1957394155809","405,5",1,4,2024-01-26
2024-01-26 22:00:00,"587,4960030874659","400,429993",1,4,2024-01-26
2024-01-26 23:00:00,"566,0019329983303","405,869995",1,4,2024-01-26
2024-01-27 00:00:00,"555,944515456752","410,26001",1,4,2024-01-27
2024-01-27 01:00:00,"547,0538454010716","419,059998",1,4,2024-01-27
2024-01-27 02:00:00,"535,4109891673128","410,410004",1,4,2024-01-27
2024-01-27 03:00:00,"523,6695778085075","415,559998",1,4,2024-01-27
2024-01-27 04:00:00,"519,6258734605617","423,679993",1,4,2024-01-27
2024-01-27 05:00:00,"527,2278272822084","426,73999",1,4,2024-01-27
2024-01-27 06:00:00,"556,3925337575756","431,359985",1,4,2024-01-27
2024-01-27 07:00:00,"586,707847154885","433,380005",1,4,2024-01-27
2024-01-27 08:00:00,"606,8988788091885","436,130005",1,4,2024-01-27
2024-01-27 09:00:00,"604,9709541283945","433,899994",1,4,2024-01-27
2024-01-27 10:00:00,"606,7596035429744","422,040009",1,4,2024-01-27
2024-01-27 11:00:00,"589,8369132235003","416,299988",1,4,2024-01-27
2024-01-27 12:00:00,"564,2834576500899","401,690002",1,4,2024-01-27
2024-01-27 13:00:00,"579,7362439059037","440,910004",1,4,2024-01-27
2024-01-27 14:00:00,"602,5577641039843","432,029999",1,4,2024-01-27
2024-01-27 15:00:00,"643,6229943153952","439,339996",1,4,2024-01-27
2024-01-27 16:00:00,"678,0970563709175","460,359985",1,4,2024-01-27
2024-01-27 17:00:00,"683,0687397155336","457,079987",1,4,2024-01-27
2024-01-27 18:00:00,"654,8696585645738","443,070007",1,4,2024-01-27
2024-01-27 19:00:00,"613,4081138670498","433,970001",1,4,2024-01-27
2024-01-27 20:00:00,"577,3285651738028","431,290009",1,4,2024-01-27
2024-01-27 21:00:00,"557,1268918713356","430,390015",1,4,2024-01-27
2024-01-27 22:00:00,"523,1444713056409","429,5",1,4,2024-01-27
2024-01-27 23:00:00,"529,0971525874577","497,75",1,4,2024-01-27
2024-01-28 00:00:00,"495,0287167298037","438,339996",1,4,2024-01-28
2024-01-28 01:00:00,"478,42463474450335","434,309998",1,4,2024-01-28
2024-01-28 02:00:00,"465,882802535817","430,290009",1,4,2024-01-28
2024-01-28 03:00:00,"453,9710029632297","431,399994",1,4,2024-01-28
2024-01-28 04:00:00,"453,6765515320442","429,609985",1,4,2024-01-28
2024-01-28 05:00:00,"465,19363125474126","430,290009",1,4,2024-01-28
2024-01-28 06:00:00,"472,2725844199893","439,679993",1,4,2024-01-28
2024-01-28 07:00:00,"506,75682951529393","441,320007",1,4,2024-01-28
2024-01-28 08:00:00,"534,294524731432","410,609985",1,4,2024-01-28
2024-01-28 09:00:00,"530,2238132084551","381,380005",1,4,2024-01-28
2024-01-28 10:00:00,"538,3699586540324","341,049988",1,4,2024-01-28
2024-01-28 11:00:00,"516,4386076478806","309,970001",1,4,2024-01-28
2024-01-28 12:00:00,"496,85709637881587","298,859985",1,4,2024-01-28
2024-01-28 13:00:00,"505,8164516339103","377,579987",1,4,2024-01-28
2024-01-28 14:00:00,"531,7393117459271","420,519989",1,4,2024-01-28
2024-01-28 15:00:00,"567,5275944673252","431,850006",1,4,2024-01-28
2024-01-28 16:00:00,"617,2696708573654","431,329987",1,4,2024-01-28
2024-01-28 17:00:00,"641,6557216456673","427,380005",1,4,2024-01-28
2024-01-28 18:00:00,"615,3234594630875","422,01001",1,4,2024-01-28
2024-01-28 19:00:00,"572,0088824343525","405,089996",1,4,2024-01-28
2024-01-28 20:00:00,"546,1947479423263","400,98999",1,4,2024-01-28
2024-01-28 21:00:00,"526,5852166232025","400,390015",1,4,2024-01-28
2024-01-28 22:00:00,"466,43477202188046","392,790009",1,4,2024-01-28
2024-01-28 23:00:00,"467,17702014925504","363,339996",1,4,2024-01-28
2024-04-01 00:00:00,"421,4596754708314","343,549988",2,1,2024-04-01
2024-04-01 01:00:00,"421,3523795476898","325,049988",2,1,2024-04-01
2024-04-01 02:00:00,"423,8620046765833","368,459991",2,1,2024-04-01
2024-04-01 03:00:00,"444,5505937391815","390,459991",2,1,2024-04-01
2024-04-01 04:00:00,"497,8365154867689","437,899994",2,1,2024-04-01
2024-04-01 05:00:00,"590,5424569802929","481,01001",2,1,2024-04-01
2024-04-01 06:00:00,"687,2127595430152","437,899994",2,1,2024-04-01
2024-04-01 07:00:00,"691,1163616336277","454,160004",2,1,2024-04-01
2024-04-01 08:00:00,"592,7336414324398","405,450012",2,1,2024-04-01
2024-04-01 09:00:00,"522,7597052995626","334,0",2,1,2024-04-01
2024-04-01 10:00:00,"479,8980908474291","363,609985",2,1,2024-04-01
2024-04-01 11:00:00,"467,3261588498241","262,470001",2,1,2024-04-01
2024-04-01 12:00:00,"482,7771774243907","253,740005",2,1,2024-04-01
2024-04-01 13:00:00,"487,55950374144743","325,799988",2,1,2024-04-01
2024-04-01 14:00:00,"532,8265410189634","331,170013",2,1,2024-04-01
2024-04-01 15:00:00,"586,2562138295162","304,089996",2,1,2024-04-01
2024-04-01 16:00:00,"700,675332849972","364,429993",2,1,2024-04-01
2024-04-01 17:00:00,"951,5455949510189","373,529999",2,1,2024-04-01
2024-04-01 18:00:00,"954,1063499746637","381,290009",2,1,2024-04-01
2024-04-01 19:00:00,"732,0818310912996","365,399994",2,1,2024-04-01
2024-04-01 20:00:00,"592,2082207143624","305,809998",2,1,2024-04-01
2024-04-01 21:00:00,"573,8028424377859","221,0",2,1,2024-04-01
2024-04-01 22:00:00,"527,2326122580891","323,410004",2,1,2024-04-01
2024-04-01 23:00:00,"538,2243110051136","270,970001",2,1,2024-04-01
2024-04-02 00:00:00,"516,3481510931465","122,769997",2,1,2024-04-02
2024-04-02 01:00:00,"509,36660201633646","56,240002",2,1,2024-04-02
2024-04-02 02:00:00,"499,6113157738518","14,47",2,1,2024-04-02
2024-04-02 03:00:00,"499,39317403354244","54,220001",2,1,2024-04-02
2024-04-02 04:00:00,"522,1679913359945","426,790009",2,1,2024-04-02
2024-04-02 05:00:00,"597,5376157323334","554,630005",2,1,2024-04-02
2024-04-02 06:00:00,"689,9278821098745","514,130005",2,1,2024-04-02
2024-04-02 07:00:00,"650,9957370519837","350,410004",2,1,2024-04-02
2024-04-02 08:00:00,"558,0353076686587","285,589996",2,1,2024-04-02
2024-04-02 09:00:00,"498,6587442869474","293,130005",2,1,2024-04-02
2024-04-02 10:00:00,"450,20062161517365","298,869995",2,1,2024-04-02
2024-04-02 11:00:00,"395,3135804161943","325,420013",2,1,2024-04-02
2024-04-02 12:00:00,"412,44511476611564","248,970001",2,1,2024-04-02
2024-04-02 13:00:00,"438,8544164577628","187,210007",2,1,2024-04-02
2024-04-02 14:00:00,"515,1216265551569","65,860001",2,1,2024-04-02
2024-04-02 15:00:00,"583,5816983910141","309,23999",2,1,2024-04-02
2024-04-02 16:00:00,"685,9704980226925","542,25",2,1,2024-04-02
2024-04-02 17:00:00,"860,0152858942004","711,48999",2,1,2024-04-02
2024-04-02 18:00:00,"875,3016716521851","707,679993",2,1,2024-04-02
2024-04-02 19:00:00,"711,9311533302212","582,75",2,1,2024-04-02
2024-04-02 20:00:00,"614,9781057155548","558,359985",2,1,2024-04-02
2024-04-02 21:00:00,"574,6421417993649","528,669983",2,1,2024-04-02
2024-04-02 22:00:00,"522,7350971435326","552,840027",2,1,2024-04-02
2024-04-02 23:00:00,"487,745403993254","535,090027",2,1,2024-04-02
2024-04-03 00:00:00,"472,1909001639155","522,419983",2,1,2024-04-03
2024-04-03 01:00:00,"475,45308834883605","482,220001",2,1,2024-04-03
2024-04-03 02:00:00,"479,7081105842497","483,929993",2,1,2024-04-03
2024-04-03 03:00:00,"488,3882892581147","512,570007",2,1,2024-04-03
2024-04-03 04:00:00,"532,2680590955316","707,820007",2,1,2024-04-03
2024-04-03 05:00:00,"648,4175900834679","879,48999",2,1,2024-04-03
2024-04-03 06:00:00,"694,6046670170267","879,48999",2,1,2024-04-03
2024-04-03 07:00:00,"658,558692029994","753,080017",2,1,2024-04-03
2024-04-03 08:00:00,"525,2655341492738","800,590027",2,1,2024-04-03
2024-04-03 09:00:00,"483,97705751369307","677,23999",2,1,2024-04-03
2024-04-03 10:00:00,"462,7655492224634","611,76001",2,1,2024-04-03
2024-04-03 11:00:00,"453,60913606346446","573,349976",2,1,2024-04-03
2024-04-03 12:00:00,"463,818583017128","544,710022",2,1,2024-04-03
2024-04-03 13:00:00,"473,2176445960367","438,290009",2,1,2024-04-03
2024-04-03 14:00:00,"507,06508209773193","454,700012",2,1,2024-04-03
2024-04-03 15:00:00,"554,0568623198926","524,359985",2,1,2024-04-03
2024-04-03 16:00:00,"638,2084776901074","633,909973",2,1,2024-04-03
2024-04-03 17:00:00,"861,1632701684522","794,919983",2,1,2024-04-03
2024-04-03 18:00:00,"819,3336735337543","739,359985",2,1,2024-04-03
2024-04-03 19:00:00,"739,8742750379347","557,169983",2,1,2024-04-03
2024-04-03 20:00:00,"632,936646905273","458,579987",2,1,2024-04-03
2024-04-03 21:00:00,"550,0772986372813","412,640015",2,1,2024-04-03
2024-04-03 22:00:00,"524,0706204448123","406,619995",2,1,2024-04-03
2024-04-03 23:00:00,"524,6897129055318","387,899994",2,1,2024-04-03
2024-04-04 00:00:00,"491,00727456956383","374,179993",2,1,2024-04-04
2024-04-04 01:00:00,"470,64102534378833","384,619995",2,1,2024-04-04
2024-04-04 02:00:00,"465,03557805812386","387,380005",2,1,2024-04-04
2024-04-04 03:00:00,"472,97390062298507","403,339996",2,1,2024-04-04
2024-04-04 04:00:00,"483,5608531645144","454,200012",2,1,2024-04-04
2024-04-04 05:00:00,"527,3081291248413","488,290009",2,1,2024-04-04
2024-04-04 06:00:00,"564,0828493409917","561,830017",2,1,2024-04-04
2024-04-04 07:00:00,"569,9067938080361","535,419983",2,1,2024-04-04
2024-04-04 08:00:00,"506,880078273349","515,880005",2,1,2024-04-04
2024-04-04 09:00:00,"432,1630057487076","470,309998",2,1,2024-04-04
2024-04-04 10:00:00,"389,3759823060056","433,170013",2,1,2024-04-04
2024-04-04 11:00:00,"318,04287485621427","419,299988",2,1,2024-04-04
2024-04-04 12:00:00,"277,85351074486937","413,850006",2,1,2024-04-04
2024-04-04 13:00:00,"303,52904976566765","418,929993",2,1,2024-04-04
2024-04-04 14:00:00,"335,7852915230544","425,709991",2,1,2024-04-04
2024-04-04 15:00:00,"431,8611957329589","515,210022",2,1,2024-04-04
2024-04-04 16:00:00,"565,9246823621448","562,049988",2,1,2024-04-04
2024-04-04 17:00:00,"665,7750491131957","674,820007",2,1,2024-04-04
2024-04-04 18:00:00,"619,173215799593","520,580017",2,1,2024-04-04
2024-04-04 19:00:00,"549,1834275730209","460,390015",2,1,2024-04-04
2024-04-04 20:00:00,"470,3840241175631","439,440002",2,1,2024-04-04
2024-04-04 21:00:00,"413,56344224868496","430,109985",2,1,2024-04-04
2024-04-04 22:00:00,"361,28190604301204","394,190002",2,1,2024-04-04
2024-04-04 23:00:00,"313,463162802328","381,890015",2,1,2024-04-04
2024-04-05 00:00:00,"291,892414662897","372,559998",2,1,2024-04-05
2024-04-05 01:00:00,"264,98772583499743","357,350006",2,1,2024-04-05
2024-04-05 02:00:00,"260,90653764707463","353,320007",2,1,2024-04-05
2024-04-05 03:00:00,"268,70432068878347","352,720001",2,1,2024-04-05
2024-04-05 04:00:00,"279,9617714366479","448,720001",2,1,2024-04-05
2024-04-05 05:00:00,"322,0114544411183","572,75",2,1,2024-04-05
2024-04-05 06:00:00,"389,83998340725293","596,700012",2,1,2024-04-05
2024-04-05 07:00:00,"384,26703559770203","504,130005",2,1,2024-04-05
2024-04-05 08:00:00,"308,30124776980807","376,660004",2,1,2024-04-05
2024-04-05 09:00:00,"292,30976612449774","339,670013",2,1,2024-04-05
2024-04-05 10:00:00,"270,5945311753178","331,390015",2,1,2024-04-05
2024-04-05 11:00:00,"253,17464008944344","298,570007",2,1,2024-04-05
2024-04-05 12:00:00,"246,36219572554816","276,48999",2,1,2024-04-05
2024-04-05 13:00:00,"275,6847010139853","176,699997",2,1,2024-04-05
2024-04-05 14:00:00,"325,14711143283506","60,34",2,1,2024-04-05
2024-04-05 15:00:00,"396,69948634765825","279,399994",2,1,2024-04-05
2024-04-05 16:00:00,"444,54046693290786","370,320007",2,1,2024-04-05
2024-04-05 17:00:00,"467,6175184070214","398,299988",2,1,2024-04-05
2024-04-05 18:00:00,"457,7899142922069","402,170013",2,1,2024-04-05
2024-04-05 19:00:00,"441,6186259404532","398,299988",2,1,2024-04-05
2024-04-05 20:00:00,"448,11364263364345","393,299988",2,1,2024-04-05
2024-04-05 21:00:00,"459,4313490728068","370,100006",2,1,2024-04-05
2024-04-05 22:00:00,"472,4349632074769","315,579987",2,1,2024-04-05
2024-04-05 23:00:00,"465,43521534012433","326,549988",2,1,2024-04-05
2024-04-06 00:00:00,"424,77186821253343","328,190002",2,1,2024-04-06
2024-04-06 01:00:00,"405,7739484208495","334,679993",2,1,2024-04-06
2024-04-06 02:00:00,"395,40370567935037","354,369995",2,1,2024-04-06
2024-04-06 03:00:00,"395,0698331943087","359,890015",2,1,2024-04-06
2024-04-06 04:00:00,"406,18431185948555","372,5",2,1,2024-04-06
2024-04-06 05:00:00,"404,7216130484527","382,339996",2,1,2024-04-06
2024-04-06 06:00:00,"379,26204554211444","374,660004",2,1,2024-04-06
2024-04-06 07:00:00,"330,8586421531643","359,890015",2,1,2024-04-06
2024-04-06 08:00:00,"262,8467310154025","219,440002",2,1,2024-04-06
2024-04-06 09:00:00,"211,60551555355235","34,310001",2,1,2024-04-06
2024-04-06 10:00:00,"173,8725825657723","123,07",2,1,2024-04-06
2024-04-06 11:00:00,"141,15488151700137","14,92",2,1,2024-04-06
2024-04-06 12:00:00,"65,84994916775831","0,3",2,1,2024-04-06
2024-04-06 13:00:00,"59,94013079721793","0,45",2,1,2024-04-06
2024-04-06 14:00:00,"175,91232250778972","0,75",2,1,2024-04-06
2024-04-06 15:00:00,"250,57183301686274","117,919998",2,1,2024-04-06
2024-04-06 16:00:00,"425,6248100907307","393,079987",2,1,2024-04-06
2024-04-06 17:00:00,"475,6660208938685","380,100006",2,1,2024-04-06
2024-04-06 18:00:00,"471,586249813623","349,670013",2,1,2024-04-06
2024-04-06 19:00:00,"483,5935724616873","326,029999",2,1,2024-04-06
2024-04-06 20:00:00,"463,74376264482476","295,73999",2,1,2024-04-06
2024-04-06 21:00:00,"443,5186302780937","188,410004",2,1,2024-04-06
2024-04-06 22:00:00,"389,28490039206736","81,82",2,1,2024-04-06
2024-04-06 23:00:00,"403,3092980527649","0,67",2,1,2024-04-06
2024-04-07 00:00:00,"343,1342098178146","0,0",2,1,2024-04-07
2024-04-07 01:00:00,"322,0803580871602","0,0",2,1,2024-04-07
2024-04-07 02:00:00,"333,2810018604207","0,0",2,1,2024-04-07
2024-04-07 03:00:00,"337,9604455224004","0,0",2,1,2024-04-07
2024-04-07 04:00:00,"368,25129279343923","0,0",2,1,2024-04-07
2024-04-07 05:00:00,"362,72909541397183","0,0",2,1,2024-04-07
2024-04-07 06:00:00,"318,8415719237785","0,0",2,1,2024-04-07
2024-04-07 07:00:00,"266,17951208266857","-0,07",2,1,2024-04-07
2024-04-07 08:00:00,"241,49596454548325","-1,19",2,1,2024-04-07
2024-04-07 09:00:00,"198,24863373358767","-22,450001",2,1,2024-04-07
2024-04-07 10:00:00,"171,45173938889403","-30,58",2,1,2024-04-07
2024-04-07 11:00:00,"137,9758365175209","-48,849998",2,1,2024-04-07
2024-04-07 12:00:00,"136,46812168262392","-74,589996",2,1,2024-04-07
2024-04-07 13:00:00,"172,0280525860409","-37,59",2,1,2024-04-07
2024-04-07 14:00:00,"254,33462534005628","-1,19",2,1,2024-04-07
2024-04-07 15:00:00,"386,98868872776626","31,92",2,1,2024-04-07
2024-04-07 16:00:00,"508,95992528362035","288,799988",2,1,2024-04-07
2024-04-07 17:00:00,"580,5760877833628","343,98999",2,1,2024-04-07
2024-04-07 18:00:00,"567,571597697827","356,450012",2,1,2024-04-07
2024-04-07 19:00:00,"516,5154943736896","359,579987",2,1,2024-04-07
2024-04-07 20:00:00,"492,34206302553537","340,779999",2,1,2024-04-07
2024-04-07 21:00:00,"468,15726229820524","318,859985",2,1,2024-04-07
2024-04-07 22:00:00,"438,8807044341837","308,339996",2,1,2024-04-07
2024-04-07 23:00:00,"426,91111575140394","295,140015",2,1,2024-04-07
2024-04-08 00:00:00,"390,50479604730475","292,079987",2,2,2024-04-08
2024-04-08 01:00:00,"403,5154138691084","312,290009",2,2,2024-04-08
2024-04-08 02:00:00,"418,51714871260185","328,480011",2,2,2024-04-08
2024-04-08 03:00:00,"440,7755327910462","334,589996",2,2,2024-04-08
2024-04-08 04:00:00,"490,1285377884113","376,730011",2,2,2024-04-08
2024-04-08 05:00:00,"576,5216277346477","396,5",2,2,2024-04-08
2024-04-08 06:00:00,"658,8196550650651","432,600006",2,2,2024-04-08
2024-04-08 07:00:00,"607,3506646875904","603,25",2,2,2024-04-08
2024-04-08 08:00:00,"523,0988023352706","402,910004",2,2,2024-04-08
2024-04-08 09:00:00,"443,87832687539236","399,480011",2,2,2024-04-08
2024-04-08 10:00:00,"355,56255072727987","397,100006",2,2,2024-04-08
2024-04-08 11:00:00,"327,51979145822895","421,859985",2,2,2024-04-08
2024-04-08 12:00:00,"328,5735754581889","431,779999",2,2,2024-04-08
2024-04-08 13:00:00,"330,6220957097088","395,679993",2,2,2024-04-08
2024-04-08 14:00:00,"366,22552374449714","522,099976",2,2,2024-04-08
2024-04-08 15:00:00,"416,3875135014507","559,469971",2,2,2024-04-08
2024-04-08 16:00:00,"599,3712231550203","782,409973",2,2,2024-04-08
2024-04-08 17:00:00,"886,6839455423584","1024,069946",2,2,2024-04-08
2024-04-08 18:00:00,"808,8289674977042","930,830017",2,2,2024-04-08
2024-04-08 19:00:00,"655,4054100586017","632,859985",2,2,2024-04-08
2024-04-08 20:00:00,"467,3170734009076","574,309998",2,2,2024-04-08
2024-04-08 21:00:00,"406,993941966927","523,52002",2,2,2024-04-08
2024-04-08 22:00:00,"394,60453109684875","583,330017",2,2,2024-04-08
2024-04-08 23:00:00,"384,63753376152107","517,549988",2,2,2024-04-08
2024-04-09 00:00:00,"348,1674688105041","482,790009",2,2,2024-04-09
2024-04-09 01:00:00,"336,1425189121544","440,200012",2,2,2024-04-09
2024-04-09 02:00:00,"333,61833334535214","453,779999",2,2,2024-04-09
2024-04-09 03:00:00,"363,79020222723443","488,390015",2,2,2024-04-09
2024-04-09 04:00:00,"479,8967376461726","575,799988",2,2,2024-04-09
2024-04-09 05:00:00,"560,0102439949578","670,900024",2,2,2024-04-09
2024-04-09 06:00:00,"618,9559735109707","595,039978",2,2,2024-04-09
2024-04-09 07:00:00,"532,3024119609953","509,420013",2,2,2024-04-09
2024-04-09 08:00:00,"366,972382341512","384,559998",2,2,2024-04-09
2024-04-09 09:00:00,"316,564325425427","328,029999",2,2,2024-04-09
2024-04-09 10:00:00,"250,7515015773244","268,880005",2,2,2024-04-09
2024-04-09 11:00:00,"197,2229353473469","75,260002",2,2,2024-04-09
2024-04-09 12:00:00,"227,08409870133465","78,309998",2,2,2024-04-09
2024-04-09 13:00:00,"255,78565337916834","216,600006",2,2,2024-04-09
2024-04-09 14:00:00,"320,744110406497","285,440002",2,2,2024-04-09
2024-04-09 15:00:00,"445,2375392961977","372,179993",2,2,2024-04-09
2024-04-09 16:00:00,"576,3451409520186","390,899994",2,2,2024-04-09
2024-04-09 17:00:00,"674,4243949843116","375,089996",2,2,2024-04-09
2024-04-09 18:00:00,"674,4871750180588","378,970001",2,2,2024-04-09
2024-04-09 19:00:00,"613,8000161592734","359,649994",2,2,2024-04-09
2024-04-09 20:00:00,"539,4980271394014","335,640015",2,2,2024-04-09
2024-04-09 21:00:00,"527,3865265101072","257,619995",2,2,2024-04-09
2024-04-09 22:00:00,"517,7103862909748","96,220001",2,2,2024-04-09
2024-04-09 23:00:00,"495,28032151438646","38,040001",2,2,2024-04-09
2024-04-10 00:00:00,"467,26923055186626","37,290001",2,2,2024-04-10
2024-04-10 01:00:00,"470,8244986229309","67,050003",2,2,2024-04-10
2024-04-10 02:00:00,"471,1173327145451","184,229996",2,2,2024-04-10
2024-04-10 03:00:00,"455,9601455893332","261,059998",2,2,2024-04-10
2024-04-10 04:00:00,"523,7751666546499","261,130005",2,2,2024-04-10
2024-04-10 05:00:00,"618,9925521434758","302,299988",2,2,2024-04-10
2024-04-10 06:00:00,"695,8918738212872","311,700012",2,2,2024-04-10
2024-04-10 07:00:00,"641,6004088569504","309,390015",2,2,2024-04-10
2024-04-10 08:00:00,"577,2395556468739","309,390015",2,2,2024-04-10
2024-04-10 09:00:00,"527,3576926255868","239,130005",2,2,2024-04-10
2024-04-10 10:00:00,"488,6809679463281","143,279999",2,2,2024-04-10
2024-04-10 11:00:00,"461,6427781889768","66,610001",2,2,2024-04-10
2024-04-10 12:00:00,"459,3163768735956","0,45",2,2,2024-04-10
2024-04-10 13:00:00,"465,48934340491394","2,09",2,2,2024-04-10
2024-04-10 14:00:00,"448,3341956834943","39,529999",2,2,2024-04-10
2024-04-10 15:00:00,"550,2260446880653","122,169998",2,2,2024-04-10
2024-04-10 16:00:00,"635,1614783991765","616,469971",2,2,2024-04-10
2024-04-10 17:00:00,"883,3502284776185","1084,949951",2,2,2024-04-10
2024-04-10 18:00:00,"829,7117453879619","1052,430054",2,2,2024-04-10
2024-04-10 19:00:00,"754,1352601898966","722,380005",2,2,2024-04-10
2024-04-10 20:00:00,"649,6596023049799","392,029999",2,2,2024-04-10
2024-04-10 21:00:00,"567,226248293963","352,200012",2,2,2024-04-10
2024-04-10 22:00:00,"502,6724695975939","303,440002",2,2,2024-04-10
2024-04-10 23:00:00,"485,0014146760436","198,940002",2,2,2024-04-10
2024-04-11 00:00:00,"461,44701591377355","165,589996",2,2,2024-04-11
2024-04-11 01:00:00,"457,23714574577275","74,519997",2,2,2024-04-11
2024-04-11 02:00:00,"456,8460973648276","59,52",2,2,2024-04-11
2024-04-11 03:00:00,"458,7632500063726","149,179993",2,2,2024-04-11
2024-04-11 04:00:00,"449,46021202291405","192,070007",2,2,2024-04-11
2024-04-11 05:00:00,"536,6590157717649","297,399994",2,2,2024-04-11
2024-04-11 06:00:00,"563,3230114413393","309,929993",2,2,2024-04-11
2024-04-11 07:00:00,"563,8932322086596","223,770004",2,2,2024-04-11
2024-04-11 08:00:00,"518,3787137427756","74,959999",2,2,2024-04-11
2024-04-11 09:00:00,"449,3756734420147","6,41",2,2,2024-04-11
2024-04-11 10:00:00,"393,93831463334703","6,79",2,2,2024-04-11
2024-04-11 11:00:00,"331,5128195324097","8,21",2,2,2024-04-11
2024-04-11 12:00:00,"301,2264336998742","4,25",2,2,2024-04-11
2024-04-11 13:00:00,"323,35924907363255","96,07",2,2,2024-04-11
2024-04-11 14:00:00,"330,16012942209295","64,75",2,2,2024-04-11
2024-04-11 15:00:00,"433,24491501510346","347,070007",2,2,2024-04-11
2024-04-11 16:00:00,"546,8756373498435","711,75",2,2,2024-04-11
2024-04-11 17:00:00,"667,3097480491815","1002,210022",2,2,2024-04-11
2024-04-11 18:00:00,"655,6677400923442","893,609985",2,2,2024-04-11
2024-04-11 19:00:00,"555,4480414070109","679,159973",2,2,2024-04-11
2024-04-11 20:00:00,"494,87998715262404","541,159973",2,2,2024-04-11
2024-04-11 21:00:00,"422,7286354642694","451,059998",2,2,2024-04-11
2024-04-11 22:00:00,"385,12001465870014","339,720001",2,2,2024-04-11
2024-04-11 23:00:00,"320,87742042683703","325,029999",2,2,2024-04-11
2024-04-12 00:00:00,"299,5827820164129","331,73999",2,2,2024-04-12
2024-04-12 01:00:00,"285,42278490389293","304,51001",2,2,2024-04-12
2024-04-12 02:00:00,"280,9375201906326","298,399994",2,2,2024-04-12
2024-04-12 03:00:00,"276,8622745913045","298,399994",2,2,2024-04-12
2024-04-12 04:00:00,"305,94863094066625","308,019989",2,2,2024-04-12
2024-04-12 05:00:00,"354,02423844511327","362,619995",2,2,2024-04-12
2024-04-12 06:00:00,"398,0786990823549","516,75",2,2,2024-04-12
2024-04-12 07:00:00,"376,5043133913049","489,290009",2,2,2024-04-12
2024-04-12 08:00:00,"302,0294617365054","319,730011",2,2,2024-04-12
2024-04-12 09:00:00,"244,7608661553423","140,690002",2,2,2024-04-12
2024-04-12 10:00:00,"204,73219434047292","0,0",2,2,2024-04-12
2024-04-12 11:00:00,"164,0603554653083","-0,52",2,2,2024-04-12
2024-04-12 12:00:00,"158,88751915687743","0,07",2,2,2024-04-12
2024-04-12 13:00:00,"168,33900241767915","1,34",2,2,2024-04-12
2024-04-12 14:00:00,"231,02363589773887","1,64",2,2,2024-04-12
2024-04-12 15:00:00,"367,9475108925061","375,600006",2,2,2024-04-12
2024-04-12 16:00:00,"428,50693920297005","445,279999",2,2,2024-04-12
2024-04-12 17:00:00,"479,3037366111775","370,160004",2,2,2024-04-12
2024-04-12 18:00:00,"459,4125951778317","369,48999",2,2,2024-04-12
2024-04-12 19:00:00,"453,3795030498136","351,429993",2,2,2024-04-12
2024-04-12 20:00:00,"486,4435055419731","342,329987",2,2,2024-04-12
2024-04-12 21:00:00,"494,9752243912581","329,200012",2,2,2024-04-12
2024-04-12 22:00:00,"464,51956419784307","246,039993",2,2,2024-04-12
2024-04-12 23:00:00,"465,18274514571056","193,369995",2,2,2024-04-12
2024-04-13 00:00:00,"435,43427028917773","144,429993",2,2,2024-04-13
2024-04-13 01:00:00,"420,2176611083073","130,779999",2,2,2024-04-13
2024-04-13 02:00:00,"418,53544814081414","130,259995",2,2,2024-04-13
2024-04-13 03:00:00,"417,3178893349701","173,899994",2,2,2024-04-13
2024-04-13 04:00:00,"435,9359325706579","207,619995",2,2,2024-04-13
2024-04-13 05:00:00,"428,7576015993314","251,630005",2,2,2024-04-13
2024-04-13 06:00:00,"391,68254627999545","168,600006",2,2,2024-04-13
2024-04-13 07:00:00,"328,0551008534323","65,650002",2,2,2024-04-13
2024-04-13 08:00:00,"220,21727648885337","-0,15",2,2,2024-04-13
2024-04-13 09:00:00,"127,84979784076036","-30,139999",2,2,2024-04-13
2024-04-13 10:00:00,"40,989759844810486","-59,830002",2,2,2024-04-13
2024-04-13 11:00:00,"-40,976666220039526","-150,699997",2,2,2024-04-13
2024-04-13 12:00:00,"-103,38350084770168","-218,729996",2,2,2024-04-13
2024-04-13 13:00:00,"-39,978048950200126","-235,740005",2,2,2024-04-13
2024-04-13 14:00:00,"81,22529320476407","-142,710007",2,2,2024-04-13
2024-04-13 15:00:00,"179,86286735723513","-1,19",2,2,2024-04-13
2024-04-13 16:00:00,"421,1947242118668","248,949997",2,2,2024-04-13
2024-04-13 17:00:00,"474,8833685991027","373,76001",2,2,2024-04-13
2024-04-13 18:00:00,"478,6480391145976","298,630005",2,2,2024-04-13
2024-04-13 19:00:00,"419,0239519655201","258,5",2,2,2024-04-13
2024-04-13 20:00:00,"385,6620703464172","153,679993",2,2,2024-04-13
2024-04-13 21:00:00,"304,3915851359318","52,59",2,2,2024-04-13
2024-04-13 22:00:00,"243,78778321044712","3,21",2,2,2024-04-13
2024-04-13 23:00:00,"223,4615650830887","6,19",2,2,2024-04-13
2024-04-14 00:00:00,"198,72202164827024","6,94",2,2,2024-04-14
2024-04-14 01:00:00,"188,88190225370002","8,43",2,2,2024-04-14
2024-04-14 02:00:00,"193,72251163372727","17,459999",2,2,2024-04-14
2024-04-14 03:00:00,"199,1768374250629","44,389999",2,2,2024-04-14
2024-04-14 04:00:00,"211,4565186494682","95,949997",2,2,2024-04-14
2024-04-14 05:00:00,"209,68097069553966","96,989998",2,2,2024-04-14
2024-04-14 06:00:00,"172,70949823570336","55,279999",2,2,2024-04-14
2024-04-14 07:00:00,"138,00028522474528","0,0",2,2,2024-04-14
2024-04-14 08:00:00,"111,660312832243","-17,68",2,2,2024-04-14
2024-04-14 09:00:00,"71,77085317213937","-90,800003",2,2,2024-04-14
2024-04-14 10:00:00,"32,74036392692035","-315,070007",2,2,2024-04-14
2024-04-14 11:00:00,"4,538858949556867","-448,019989",2,2,2024-04-14
2024-04-14 12:00:00,"-12,087707566060653","-447,720001",2,2,2024-04-14
2024-04-14 13:00:00,"29,985811669830294","-298,809998",2,2,2024-04-14
2024-04-14 14:00:00,"120,61469325571146","-46,630001",2,2,2024-04-14
2024-04-14 15:00:00,"220,38557278600695","11,71",2,2,2024-04-14
2024-04-14 16:00:00,"365,72705275505854","407,51001",2,2,2024-04-14
2024-04-14 17:00:00,"448,25405947815375","655,059998",2,2,2024-04-14
2024-04-14 18:00:00,"449,1297430476111","894,619995",2,2,2024-04-14
2024-04-14 19:00:00,"459,00060099890476","840,159973",2,2,2024-04-14
2024-04-14 20:00:00,"489,97047041893165","724,890015",2,2,2024-04-14
2024-04-14 21:00:00,"465,46274242710354","594,549988",2,2,2024-04-14
2024-04-14 22:00:00,"447,8521068128388","410,640015",2,2,2024-04-14
2024-04-14 23:00:00,"444,5768933881558","437,730011",2,2,2024-04-14
2024-04-15 00:00:00,"435,5967355718261","526,359985",2,3,2024-04-15
2024-04-15 01:00:00,"434,96519326696864","491,220001",2,3,2024-04-15
2024-04-15 02:00:00,"455,5199989764761","561,280029",2,3,2024-04-15
2024-04-15 03:00:00,"473,23385479501275","647,150024",2,3,2024-04-15
2024-04-15 04:00:00,"571,8019209144319","863,440002",2,3,2024-04-15
2024-04-15 05:00:00,"686,7059584429824","1261,98999",2,3,2024-04-15
2024-04-15 06:00:00,"741,2160619408681","1143,290039",2,3,2024-04-15
2024-04-15 07:00:00,"597,296705522005","683,109985",2,3,2024-04-15
2024-04-15 08:00:00,"516,2434625300697","568,809998",2,3,2024-04-15
2024-04-15 09:00:00,"436,11048487314656","425,269989",2,3,2024-04-15
2024-04-15 10:00:00,"354,1410865786596","329,390015",2,3,2024-04-15
2024-04-15 11:00:00,"305,6277760773169","236,809998",2,3,2024-04-15
2024-04-15 12:00:00,"314,10546058987364","96,690002",2,3,2024-04-15
2024-04-15 13:00:00,"324,90479273876286","58,189999",2,3,2024-04-15
2024-04-15 14:00:00,"371,0985236932356","59,610001",2,3,2024-04-15
2024-04-15 15:00:00,"409,86762994833475","345,440002",2,3,2024-04-15
2024-04-15 16:00:00,"599,47706319336","516,289978",2,3,2024-04-15
2024-04-15 17:00:00,"855,8387211563023","588,809998",2,3,2024-04-15
2024-04-15 18:00:00,"796,3224938442257","574,630005",2,3,2024-04-15
2024-04-15 19:00:00,"587,3795921469093","494,730011",2,3,2024-04-15
2024-04-15 20:00:00,"452,89839839396734","401,170013",2,3,2024-04-15
2024-04-15 21:00:00,"388,2291286277523","254,940002",2,3,2024-04-15
2024-04-15 22:00:00,"413,5168769772551","15,07",2,3,2024-04-15
2024-04-15 23:00:00,"374,63012394214525","0,3",2,3,2024-04-15
2024-04-16 00:00:00,"342,05160068392286","1,04",2,3,2024-04-16
2024-04-16 01:00:00,"322,51723500886595","5,45",2,3,2024-04-16
2024-04-16 02:00:00,"323,62719551720465","130,330002",2,3,2024-04-16
2024-04-16 03:00:00,"363,16526775551887","270,209991",2,3,2024-04-16
2024-04-16 04:00:00,"504,89880780553926","384,880005",2,3,2024-04-16
2024-04-16 05:00:00,"592,5558487923613","554,0",2,3,2024-04-16
2024-04-16 06:00:00,"559,6833596722922","554,0",2,3,2024-04-16
2024-04-16 07:00:00,"461,41536756793425","483,5",2,3,2024-04-16
2024-04-16 08:00:00,"307,4540532837784","380,700012",2,3,2024-04-16
2024-04-16 09:00:00,"247,8956564412489","318,109985",2,3,2024-04-16
2024-04-16 10:00:00,"201,35809174776216","298,410004",2,3,2024-04-16
2024-04-16 11:00:00,"111,42129172969038","300,049988",2,3,2024-04-16
2024-04-16 12:00:00,"203,39881853444712","313,929993",2,3,2024-04-16
2024-04-16 13:00:00,"172,45097122613606","362,049988",2,3,2024-04-16
2024-04-16 14:00:00,"245,74962259770365","385,470001",2,3,2024-04-16
2024-04-16 15:00:00,"396,13348386486393","594,359985",2,3,2024-04-16
2024-04-16 16:00:00,"502,3715644125277","693,210022",2,3,2024-04-16
2024-04-16 17:00:00,"602,6571059263013","850,400024",2,3,2024-04-16
2024-04-16 18:00:00,"657,4798875082706","928,960022",2,3,2024-04-16
2024-04-16 19:00:00,"557,1679355727409","779,309998",2,3,2024-04-16
2024-04-16 20:00:00,"518,2484293563467","672,169983",2,3,2024-04-16
2024-04-16 21:00:00,"442,77276191750553","627,409973",2,3,2024-04-16
2024-04-16 22:00:00,"400,40480623435906","625,48999",2,3,2024-04-16
2024-04-16 23:00:00,"343,35007702669367","625,48999",2,3,2024-04-16
2024-04-17 00:00:00,"330,2314960282896","606,919983",2,3,2024-04-17
2024-04-17 01:00:00,"345,0536398458255","614,75",2,3,2024-04-17
2024-04-17 02:00:00,"358,8591744004128","618,929993",2,3,2024-04-17
2024-04-17 03:00:00,"424,490230948112","624,669983",2,3,2024-04-17
2024-04-17 04:00:00,"521,8798689015224","816,109985",2,3,2024-04-17
2024-04-17 05:00:00,"673,0119737374308","1268,069946",2,3,2024-04-17
2024-04-17 06:00:00,"735,9935885055348","1157,650024",2,3,2024-04-17
2024-04-17 07:00:00,"616,1322559381606","780,52002",2,3,2024-04-17
2024-04-17 08:00:00,"593,5857795672913","625,940002",2,3,2024-04-17
2024-04-17 09:00:00,"501,8542056285121","596,099976",2,3,2024-04-17
2024-04-17 10:00:00,"469,86109749367","619,080017",2,3,2024-04-17
2024-04-17 11:00:00,"402,8220665726198","602,960022",2,3,2024-04-17
2024-04-17 12:00:00,"366,7668343200363","579,76001",2,3,2024-04-17
2024-04-17 13:00:00,"392,96858127586506","574,690002",2,3,2024-04-17
2024-04-17 14:00:00,"430,71709028961334","596,840027",2,3,2024-04-17
2024-04-17 15:00:00,"562,6785308799698","648,320007",2,3,2024-04-17
2024-04-17 16:00:00,"714,5302142705484","857,73999",2,3,2024-04-17
2024-04-17 17:00:00,"920,714761575478","1193,089966",2,3,2024-04-17
2024-04-17 18:00:00,"1016,105565438188","1267,550049",2,3,2024-04-17
2024-04-17 19:00:00,"741,652250058537","970,320007",2,3,2024-04-17
2024-04-17 20:00:00,"609,6941428449248","738,890015",2,3,2024-04-17
2024-04-17 21:00:00,"548,9937939382843","655,109985",2,3,2024-04-17
2024-04-17 22:00:00,"493,35135216294117","685,150024",2,3,2024-04-17
2024-04-17 23:00:00,"474,2002520934146","652,23999",2,3,2024-04-17
2024-04-18 00:00:00,"452,5565826456059","660,52002",2,3,2024-04-18
2024-04-18 01:00:00,"430,197448096277","654,780029",2,3,2024-04-18
2024-04-18 02:00:00,"422,15605924318805","668,580017",2,3,2024-04-18
2024-04-18 03:00:00,"419,540184634662","697,380005",2,3,2024-04-18
2024-04-18 04:00:00,"488,92847834149006","909,349976",2,3,2024-04-18
2024-04-18 05:00:00,"543,5751809989004","1162,430054",2,3,2024-04-18
2024-04-18 06:00:00,"521,8749346643166","978,809998",2,3,2024-04-18
2024-04-18 07:00:00,"452,4474462869574","754,460022",2,3,2024-04-18
2024-04-18 08:00:00,"353,9921871398121","673,059998",2,3,2024-04-18
2024-04-18 09:00:00,"278,62516384353063","625,76001",2,3,2024-04-18
2024-04-18 10:00:00,"247,29140308721614","601,659973",2,3,2024-04-18
2024-04-18 11:00:00,"182,7648152532815","575,98999",2,3,2024-04-18
2024-04-18 12:00:00,"177,59425032182835","544,72998",2,3,2024-04-18
2024-04-18 13:00:00,"227,5118337448192","527,48999",2,3,2024-04-18
2024-04-18 14:00:00,"317,40774825521856","528,840027",2,3,2024-04-18
2024-04-18 15:00:00,"426,383607954762","606,799988",2,3,2024-04-18
2024-04-18 16:00:00,"497,84265352378003","701,559998",2,3,2024-04-18
2024-04-18 17:00:00,"648,4855858001404","934,419983",2,3,2024-04-18
2024-04-18 18:00:00,"672,1027362273503","961,200012",2,3,2024-04-18
2024-04-18 19:00:00,"578,5887669727426","790,27002",2,3,2024-04-18
2024-04-18 20:00:00,"504,0968164595051","670,669983",2,3,2024-04-18
2024-04-18 21:00:00,"421,1027100746498","592,179993",2,3,2024-04-18
2024-04-18 22:00:00,"393,0422247449431","576,090027",2,3,2024-04-18
2024-04-18 23:00:00,"359,7771412927512","453,869995",2,3,2024-04-18
2024-04-19 00:00:00,"358,17814356865495","377,019989",2,3,2024-04-19
2024-04-19 01:00:00,"345,2654192468168","369,109985",2,3,2024-04-19
2024-04-19 02:00:00,"322,0826536017073","357,920013",2,3,2024-04-19
2024-04-19 03:00:00,"339,7109976984154","366,200012",2,3,2024-04-19
2024-04-19 04:00:00,"358,31794224101196","448,570007",2,3,2024-04-19
2024-04-19 05:00:00,"395,79568034378053","515,130005",2,3,2024-04-19
2024-04-19 06:00:00,"441,43036298526454","567,059998",2,3,2024-04-19
2024-04-19 07:00:00,"382,72311188059655","509,609985",2,3,2024-04-19
2024-04-19 08:00:00,"265,915399128685","449,170013",2,3,2024-04-19
2024-04-19 09:00:00,"174,2884351104979","418,429993",2,3,2024-04-19
2024-04-19 10:00:00,"98,53426516644693","379,859985",2,3,2024-04-19
2024-04-19 11:00:00,"50,89255354679488","350,679993",2,3,2024-04-19
2024-04-19 12:00:00,"36,50246758653274","335,309998",2,3,2024-04-19
2024-04-19 13:00:00,"45,80838872965102","332,480011",2,3,2024-04-19
2024-04-19 14:00:00,"170,54498559302294","379,859985",2,3,2024-04-19
2024-04-19 15:00:00,"329,8581240413416","424,920013",2,3,2024-04-19
2024-04-19 16:00:00,"424,56958073400796","473,720001",2,3,2024-04-19
2024-04-19 17:00:00,"518,6229214325496","475,660004",2,3,2024-04-19
2024-04-19 18:00:00,"608,8410420392573","482,670013",2,3,2024-04-19
2024-04-19 19:00:00,"561,6529463899263","493,940002",2,3,2024-04-19
2024-04-19 20:00:00,"522,4205965639399","477,149994",2,3,2024-04-19
2024-04-19 21:00:00,"483,7131521611121","471,179993",2,3,2024-04-19
2024-04-19 22:00:00,"425,37339422946434","449,529999",2,3,2024-04-19
2024-04-19 23:00:00,"397,25740280572495","432,589996",2,3,2024-04-19
2024-04-20 00:00:00,"334,0822295603367","427,809998",2,3,2024-04-20
2024-04-20 01:00:00,"321,40143936895817","430,950012",2,3,2024-04-20
2024-04-20 02:00:00,"328,51421386890183","455,5",2,3,2024-04-20
2024-04-20 03:00:00,"347,7827263520896","468,850006",2,3,2024-04-20
2024-04-20 04:00:00,"357,70837886502215","476,98999",2,3,2024-04-20
2024-04-20 05:00:00,"364,8623337925464","507,279999",2,3,2024-04-20
2024-04-20 06:00:00,"329,2742532201173","485,350006",2,3,2024-04-20
2024-04-20 07:00:00,"258,5117681390708","446,98999",2,3,2024-04-20
2024-04-20 08:00:00,"202,79964857518223","373,48999",2,3,2024-04-20
2024-04-20 09:00:00,"114,42817083743498","286,769989",2,3,2024-04-20
2024-04-20 10:00:00,"37,93382486835595","216,179993",2,3,2024-04-20
2024-04-20 11:00:00,"-127,65577351338179","92,010002",2,3,2024-04-20
2024-04-20 12:00:00,"-207,01794953877527","78,730003",2,3,2024-04-20
2024-04-20 13:00:00,"-158,10065575365934","136,779999",2,3,2024-04-20
2024-04-20 14:00:00,"25,62423075303307","279,160004",2,3,2024-04-20
2024-04-20 15:00:00,"261,2597408144265","468,850006",2,3,2024-04-20
2024-04-20 16:00:00,"354,51310121127864","588,77002",2,3,2024-04-20
2024-04-20 17:00:00,"469,9020687978227","668,690002",2,3,2024-04-20
2024-04-20 18:00:00,"514,0315563598283","724,140015",2,3,2024-04-20
2024-04-20 19:00:00,"392,3318600196099","673,919983",2,3,2024-04-20
2024-04-20 20:00:00,"348,3467020847462","642,280029",2,3,2024-04-20
2024-04-20 21:00:00,"243,72580062186833","618,619995",2,3,2024-04-20
2024-04-20 22:00:00,"167,95858288522157","610,679993",2,3,2024-04-20
2024-04-20 23:00:00,"179,12899783945173","526,669983",2,3,2024-04-20
2024-04-21 00:00:00,"162,70560633507793","518,76001",2,3,2024-04-21
2024-04-21 01:00:00,"166,39380064731003","480,48999",2,3,2024-04-21
2024-04-21 02:00:00,"164,7064177581846","476,609985",2,3,2024-04-21
2024-04-21 03:00:00,"168,1717951866387","474,670013",2,3,2024-04-21
2024-04-21 04:00:00,"198,32537113200644","480,709991",2,3,2024-04-21
2024-04-21 05:00:00,"192,05337062723905","451,609985",2,3,2024-04-21
2024-04-21 06:00:00,"173,1227376162585","454,220001",2,3,2024-04-21
2024-04-21 07:00:00,"144,92765472550562","413,190002",2,3,2024-04-21
2024-04-21 08:00:00,"259,5238908525689","246,139999",2,3,2024-04-21
2024-04-21 09:00:00,"51,026182691853656","275,76001",2,3,2024-04-21
2024-04-21 10:00:00,"-3,778950578992926","45,209999",2,3,2024-04-21
2024-04-21 11:00:00,"-132,58547685708996","2,09",2,3,2024-04-21
2024-04-21 12:00:00,"-171,6141060095579","-6,71",2,3,2024-04-21
2024-04-21 13:00:00,"-46,965522269083294","5,6",2,3,2024-04-21
2024-04-21 14:00:00,"324,8211420925772","44,84",2,3,2024-04-21
2024-04-21 15:00:00,"194,89155387732","434,380005",2,3,2024-04-21
2024-04-21 16:00:00,"390,76709426006727","556,590027",2,3,2024-04-21
2024-04-21 17:00:00,"448,15367452902757","666,710022",2,3,2024-04-21
2024-04-21 18:00:00,"560,2962318460552","710,72998",2,3,2024-04-21
2024-04-21 19:00:00,"641,1848882458268","679,469971",2,3,2024-04-21
2024-04-21 20:00:00,"606,7971962426404","667,080017",2,3,2024-04-21
2024-04-21 21:00:00,"519,8335068499017","660,0",2,3,2024-04-21
2024-04-21 22:00:00,"490,16239782527447","589,190002",2,3,2024-04-21
2024-04-21 23:00:00,"481,7048206758232","582,330017",2,3,2024-04-21
2024-04-22 00:00:00,"466,85903779556133","585,23999",2,4,2024-04-22
2024-04-22 01:00:00,"465,7357512097113","596,280029",2,4,2024-04-22
2024-04-22 02:00:00,"473,9312675290332","595,309998",2,4,2024-04-22
2024-04-22 03:00:00,"511,32494256881296","652,830017",2,4,2024-04-22
2024-04-22 04:00:00,"618,558810365995","790,109985",2,4,2024-04-22
2024-04-22 05:00:00,"868,6036262545704","975,820007",2,4,2024-04-22
2024-04-22 06:00:00,"840,3638650320718","876,359985",2,4,2024-04-22
2024-04-22 07:00:00,"605,4069824350591","724,090027",2,4,2024-04-22
2024-04-22 08:00:00,"519,799719834517","610,75",2,4,2024-04-22
2024-04-22 09:00:00,"414,7912946480599","606,130005",2,4,2024-04-22
2024-04-22 10:00:00,"301,3517721715556","574,869995",2,4,2024-04-22
2024-04-22 11:00:00,"231,81962055823092","549,650024",2,4,2024-04-22
2024-04-22 12:00:00,"178,6122704210276","553,080017",2,4,2024-04-22
2024-04-22 13:00:00,"181,16294131314342","559,650024",2,4,2024-04-22
2024-04-22 14:00:00,"206,44617136878298","536,440002",2,4,2024-04-22
2024-04-22 15:00:00,"331,41124287778234","722,150024",2,4,2024-04-22
2024-04-22 16:00:00,"510,3195714628442","881,880005",2,4,2024-04-22
2024-04-22 17:00:00,"591,2615635476136","1223,969971",2,4,2024-04-22
2024-04-22 18:00:00,"596,8891673028469","1275,52002",2,4,2024-04-22
2024-04-22 19:00:00,"479,8151617391579","970,299988",2,4,2024-04-22
2024-04-22 20:00:00,"386,1005659178961","789,140015",2,4,2024-04-22
2024-04-22 21:00:00,"279,06580539903285","723,640015",2,4,2024-04-22
2024-04-22 22:00:00,"230,78479871410858","658,969971",2,4,2024-04-22
2024-04-22 23:00:00,"179,36800615452455","646,809998",2,4,2024-04-22
2024-04-23 00:00:00,"158,2931683734134","641,289978",2,4,2024-04-23
2024-04-23 01:00:00,"151,08077185668984","637,340027",2,4,2024-04-23
2024-04-23 02:00:00,"186,83813069341028","644,280029",2,4,2024-04-23
2024-04-23 03:00:00,"277,51973977263754","728,890015",2,4,2024-04-23
2024-04-23 04:00:00,"471,9487157493752","905,789978",2,4,2024-04-23
2024-04-23 05:00:00,"569,5983084028956","1352,420044",2,4,2024-04-23
2024-04-23 06:00:00,"547,5884611538467","1016,820007",2,4,2024-04-23
2024-04-23 07:00:00,"443,4070431587642","734,030029",2,4,2024-04-23
2024-04-23 08:00:00,"286,2726708060695","618,309998",2,4,2024-04-23
2024-04-23 09:00:00,"222,7527092906034","576,450012",2,4,2024-04-23
2024-04-23 10:00:00,"196,52885859847396","577,950012",2,4,2024-04-23
2024-04-23 11:00:00,"145,01277378657755","592,27002",2,4,2024-04-23
2024-04-23 12:00:00,"150,06381097643109","586,599976",2,4,2024-04-23
2024-04-23 13:00:00,"202,22587372258258","597,049988",2,4,2024-04-23
2024-04-23 14:00:00,"261,2636317239774","619,429993",2,4,2024-04-23
2024-04-23 15:00:00,"413,51481118175195","671,289978",2,4,2024-04-23
2024-04-23 16:00:00,"550,1124912309693","764,030029",2,4,2024-04-23
2024-04-23 17:00:00,"695,7648900944442","917,799988",2,4,2024-04-23
2024-04-23 18:00:00,"738,07813792758","933,169983",2,4,2024-04-23
2024-04-23 19:00:00,"617,5575159081959","784,169983",2,4,2024-04-23
2024-04-23 20:00:00,"556,6024293677788","691,880005",2,4,2024-04-23
2024-04-23 21:00:00,"462,87865538676374","608,460022",2,4,2024-04-23
2024-04-23 22:00:00,"449,66447107594655","600,929993",2,4,2024-04-23
2024-04-23 23:00:00,"393,5563309835654","569,150024",2,4,2024-04-23
2024-04-24 00:00:00,"325,49248165101136","566,090027",2,4,2024-04-24
2024-04-24 01:00:00,"315,0631545954057","545,130005",2,4,2024-04-24
2024-04-24 02:00:00,"364,59942500853185","567,289978",2,4,2024-04-24
2024-04-24 03:00:00,"428,27677060942415","610,47998",2,4,2024-04-24
2024-04-24 04:00:00,"542,7753604322779","758,419983",2,4,2024-04-24
2024-04-24 05:00:00,"725,6675401001535","956,200012",2,4,2024-04-24
2024-04-24 06:00:00,"729,660260573138","798,780029",2,4,2024-04-24
2024-04-24 07:00:00,"702,0692946927264","684,940002",2,4,2024-04-24
2024-04-24 08:00:00,"637,0232815628009","676,960022",2,4,2024-04-24
2024-04-24 09:00:00,"550,3796004670146","659,130005",2,4,2024-04-24
2024-04-24 10:00:00,"538,4079818107327","616,22998",2,4,2024-04-24
2024-04-24 11:00:00,"463,3000433345406","597,5",2,4,2024-04-24
2024-04-24 12:00:00,"451,9339633756688","570,940002",2,4,2024-04-24
2024-04-24 13:00:00,"487,79810048631896","602,130005",2,4,2024-04-24
2024-04-24 14:00:00,"524,5411520657966","605,190002",2,4,2024-04-24
2024-04-24 15:00:00,"604,6549458802101","646,070007",2,4,2024-04-24
2024-04-24 16:00:00,"690,7932896588729","757,530029",2,4,2024-04-24
2024-04-24 17:00:00,"860,286793238975","1008,640015",2,4,2024-04-24
2024-04-24 18:00:00,"1042,5775353518811","1070,119995",2,4,2024-04-24
2024-04-24 19:00:00,"817,6018809591372","903,900024",2,4,2024-04-24
2024-04-24 20:00:00,"660,728174219973","785,650024",2,4,2024-04-24
2024-04-24 21:00:00,"563,1789127720468","673,0",2,4,2024-04-24
2024-04-24 22:00:00,"534,4513376758879","622,700012",2,4,2024-04-24
2024-04-24 23:00:00,"502,27951554327194","596,599976",2,4,2024-04-24
2024-04-25 00:00:00,"482,1153843909986","576,97998",2,4,2024-04-25
2024-04-25 01:00:00,"476,97682755533503","567,140015",2,4,2024-04-25
2024-04-25 02:00:00,"480,65816467560603","561,099976",2,4,2024-04-25
2024-04-25 03:00:00,"494,58231906644295","626,580017",2,4,2024-04-25
2024-04-25 04:00:00,"588,6366157661517","763,940002",2,4,2024-04-25
2024-04-25 05:00:00,"686,3721509350428","962,390015",2,4,2024-04-25
2024-04-25 06:00:00,"642,9586712311649","840,530029",2,4,2024-04-25
2024-04-25 07:00:00,"497,76817110098875","686,830017",2,4,2024-04-25
2024-04-25 08:00:00,"421,1420986454605","596,669983",2,4,2024-04-25
2024-04-25 09:00:00,"363,88810606919805","583,169983",2,4,2024-04-25
2024-04-25 10:00:00,"344,0936758530391","551,26001",2,4,2024-04-25
2024-04-25 11:00:00,"331,73000177549153","512,099976",2,4,2024-04-25
2024-04-25 12:00:00,"321,6431509372597","495,25",2,4,2024-04-25
2024-04-25 13:00:00,"363,1816516828076","516,950012",2,4,2024-04-25
2024-04-25 14:00:00,"388,8835770098399","542,97998",2,4,2024-04-25
2024-04-25 15:00:00,"490,18281919432184","595,700012",2,4,2024-04-25
2024-04-25 16:00:00,"589,9450825792175","709,72998",2,4,2024-04-25
2024-04-25 17:00:00,"670,9963866582679","1052,170044",2,4,2024-04-25
2024-04-25 18:00:00,"674,4358649864802","1135,699951",2,4,2024-04-25
2024-04-25 19:00:00,"665,0732298060315","847,98999",2,4,2024-04-25
2024-04-25 20:00:00,"600,144976981009","681,23999",2,4,2024-04-25
2024-04-25 21:00:00,"532,7399874366065","594,659973",2,4,2024-04-25
2024-04-25 22:00:00,"521,835309922686","595,719971",2,4,2024-04-25
2024-04-25 23:00:00,"471,5409926611389","551,929993",2,4,2024-04-25
2024-04-26 00:00:00,"430,3157367101919","553,429993",2,4,2024-04-26
2024-04-26 01:00:00,"417,9878575391794","552,460022",2,4,2024-04-26
2024-04-26 02:00:00,"393,7706854816926","575,049988",2,4,2024-04-26
2024-04-26 03:00:00,"387,6583427862198","618,909973",2,4,2024-04-26
2024-04-26 04:00:00,"480,2751818347466","697,380005",2,4,2024-04-26
2024-04-26 05:00:00,"542,736717767423","776,140015",2,4,2024-04-26
2024-04-26 06:00:00,"569,5849485284667","716,469971",2,4,2024-04-26
2024-04-26 07:00:00,"506,15992049350444","604,73999",2,4,2024-04-26
2024-04-26 08:00:00,"381,34176148339645","580,349976",2,4,2024-04-26
2024-04-26 09:00:00,"259,144128368835","544,099976",2,4,2024-04-26
2024-04-26 10:00:00,"183,59756462683072","524,710022",2,4,2024-04-26
2024-04-26 11:00:00,"134,57671539331565","512,700012",2,4,2024-04-26
2024-04-26 12:00:00,"134,26219626613272","487,570007",2,4,2024-04-26
2024-04-26 13:00:00,"132,203882797811","521,5",2,4,2024-04-26
2024-04-26 14:00:00,"163,67122485594155","534,780029",2,4,2024-04-26
2024-04-26 15:00:00,"354,8948595512517","600,119995",2,4,2024-04-26
2024-04-26 16:00:00,"421,39270551384027","700,210022",2,4,2024-04-26
2024-04-26 17:00:00,"528,0511046896785","959,25",2,4,2024-04-26
2024-04-26 18:00:00,"588,933135758361","1018,539978",2,4,2024-04-26
2024-04-26 19:00:00,"507,6483034391487","820,440002",2,4,2024-04-26
2024-04-26 20:00:00,"489,50412776187005","691,47998",2,4,2024-04-26
2024-04-26 21:00:00,"461,6566257910737","658,289978",2,4,2024-04-26
2024-04-26 22:00:00,"401,76755900740585","673,330017",2,4,2024-04-26
2024-04-26 23:00:00,"337,3251472011757","662,960022",2,4,2024-04-26
2024-04-27 00:00:00,"311,95955555093735","645,72998",2,4,2024-04-27
2024-04-27 01:00:00,"304,7901864504567","663,929993",2,4,2024-04-27
2024-04-27 02:00:00,"313,67066459603365","653,940002",2,4,2024-04-27
2024-04-27 03:00:00,"336,2656843469729","625,52002",2,4,2024-04-27
2024-04-27 04:00:00,"366,1587548274031","641,929993",2,4,2024-04-27
2024-04-27 05:00:00,"368,44122334302233","589,429993",2,4,2024-04-27
2024-04-27 06:00:00,"347,6247933929881","511,950012",2,4,2024-04-27
2024-04-27 07:00:00,"296,4094490797372","440,51001",2,4,2024-04-27
2024-04-27 08:00:00,"214,83121661952296","284,950012",2,4,2024-04-27
2024-04-27 09:00:00,"129,62766066730015","194,559998",2,4,2024-04-27
2024-04-27 10:00:00,"42,521444453238544","294,640015",2,4,2024-04-27
2024-04-27 11:00:00,"-160,78207999941705","308,809998",2,4,2024-04-27
2024-04-27 12:00:00,"-206,42541615991342","182,710007",2,4,2024-04-27
2024-04-27 13:00:00,"-166,81788598717404","75,019997",2,4,2024-04-27
2024-04-27 14:00:00,"29,472702794995975","156,080002",2,4,2024-04-27
2024-04-27 15:00:00,"207,07758668252484","463,700012",2,4,2024-04-27
2024-04-27 16:00:00,"405,8190223993148","642,679993",2,4,2024-04-27
2024-04-27 17:00:00,"510,0113288872648","894,140015",2,4,2024-04-27
2024-04-27 18:00:00,"548,5593131951512","837,23999",2,4,2024-04-27
2024-04-27 19:00:00,"435,60740838864274","633,880005",2,4,2024-04-27
2024-04-27 20:00:00,"368,52723629284026","566,01001",2,4,2024-04-27
2024-04-27 21:00:00,"265,06777028509777","486,440002",2,4,2024-04-27
2024-04-27 22:00:00,"218,0915028820083","420,570007",2,4,2024-04-27
2024-04-27 23:00:00,"171,76453414914135","344,119995",2,4,2024-04-27
2024-04-28 00:00:00,"171,1454133741745","295,350006",2,4,2024-04-28
2024-04-28 01:00:00,"163,48157609735676","235,309998",2,4,2024-04-28
2024-04-28 02:00:00,"162,9061827933532","205,850006",2,4,2024-04-28
2024-04-28 03:00:00,"169,27601390890203","194,289993",2,4,2024-04-28
2024-04-28 04:00:00,"188,26984644446358","74,209999",2,4,2024-04-28
2024-04-28 05:00:00,"183,91533279652248","1,86",2,4,2024-04-28
2024-04-28 06:00:00,"170,0555419543029","1,94",2,4,2024-04-28
2024-04-28 07:00:00,"142,56116233684327","1,64",2,4,2024-04-28
2024-04-28 08:00:00,"94,38090554450822","0,0",2,4,2024-04-28
2024-04-28 09:00:00,"63,6595431943973","-7,16",2,4,2024-04-28
2024-04-28 10:00:00,"-42,489488652653655","-18,049999",2,4,2024-04-28
2024-04-28 11:00:00,"-139,1011654348499","-18,65",2,4,2024-04-28
2024-04-28 12:00:00,"-168,21602797979634","-18,790001",2,4,2024-04-28
2024-04-28 13:00:00,"-104,03756299928732","-15,66",2,4,2024-04-28
2024-04-28 14:00:00,"-2,624684732301668","-15,51",2,4,2024-04-28
2024-04-28 15:00:00,"175,14171286814758","-0,15",2,4,2024-04-28
2024-04-28 16:00:00,"386,26624177962475","189,289993",2,4,2024-04-28
2024-04-28 17:00:00,"433,4104017266649","517,299988",2,4,2024-04-28
2024-04-28 18:00:00,"499,5978939237533","577,640015",2,4,2024-04-28
2024-04-28 19:00:00,"507,03675658892456","583,159973",2,4,2024-04-28
2024-04-28 20:00:00,"461,98410918059034","468,079987",2,4,2024-04-28
2024-04-28 21:00:00,"434,80535203984226","417,890015",2,4,2024-04-28
2024-04-28 22:00:00,"443,30187795775777","306,529999",2,4,2024-04-28
2024-04-28 23:00:00,"444,6251804610584","370,75",2,4,2024-04-28
2024-07-01 00:00:00,"540,8325801741485","583,150024",3,1,2024-07-01
2024-07-01 01:00:00,"543,2042884321804","581,809998",3,1,2024-07-01
2024-07-01 02:00:00,"547,6669149319597","564,059998",3,1,2024-07-01
2024-07-01 03:00:00,"633,9692292445976","602,76001",3,1,2024-07-01
2024-07-01 04:00:00,"779,1458418559756","907,349976",3,1,2024-07-01
2024-07-01 05:00:00,"939,7826331900261","1018,109985",3,1,2024-07-01
2024-07-01 06:00:00,"899,8374941575577","963,590027",3,1,2024-07-01
2024-07-01 07:00:00,"662,1248133827543","841,27002",3,1,2024-07-01
2024-07-01 08:00:00,"494,29641766784266","750,289978",3,1,2024-07-01
2024-07-01 09:00:00,"437,1721890401854","642,070007",3,1,2024-07-01
2024-07-01 10:00:00,"363,2731277293795","493,200012",3,1,2024-07-01
2024-07-01 11:00:00,"342,97088804514635","318,609985",3,1,2024-07-01
2024-07-01 12:00:00,"334,7157205180988","258,5",3,1,2024-07-01
2024-07-01 13:00:00,"345,9041521877581","242,759995",3,1,2024-07-01
2024-07-01 14:00:00,"424,89249033416263","231,649994",3,1,2024-07-01
2024-07-01 15:00:00,"548,8897033015633","410,200012",3,1,2024-07-01
2024-07-01 16:00:00,"671,836062761242","538,77002",3,1,2024-07-01
2024-07-01 17:00:00,"1032,7018346099069","733,72998",3,1,2024-07-01
2024-07-01 18:00:00,"1307,4934603723405","791,080017",3,1,2024-07-01
2024-07-01 19:00:00,"1155,6066824505915","939,719971",3,1,2024-07-01
2024-07-01 20:00:00,"854,6598157837714","782,580017",3,1,2024-07-01
2024-07-01 21:00:00,"666,3875642260758","653,700012",3,1,2024-07-01
2024-07-01 22:00:00,"586,0513129561956","593,919983",3,1,2024-07-01
2024-07-01 23:00:00,"569,7625675496677","462,350006",3,1,2024-07-01
2024-07-02 00:00:00,"571,008413066306","375,829987",3,1,2024-07-02
2024-07-02 01:00:00,"559,3437808200986","402,829987",3,1,2024-07-02
2024-07-02 02:00:00,"561,2340150290806","343,98999",3,1,2024-07-02
2024-07-02 03:00:00,"559,7665898631305","379,040009",3,1,2024-07-02
2024-07-02 04:00:00,"822,230842915026","518,070007",3,1,2024-07-02
2024-07-02 05:00:00,"862,2178260184379","496,140015",3,1,2024-07-02
2024-07-02 06:00:00,"716,8084047960239","611,299988",3,1,2024-07-02
2024-07-02 07:00:00,"545,0731941152003","498,970001",3,1,2024-07-02
2024-07-02 08:00:00,"410,4812618224434","293,119995",3,1,2024-07-02
2024-07-02 09:00:00,"258,5605173193516","265,369995",3,1,2024-07-02
2024-07-02 10:00:00,"183,23715344261143","263,51001",3,1,2024-07-02
2024-07-02 11:00:00,"153,54250967766959","257,98999",3,1,2024-07-02
2024-07-02 12:00:00,"166,89070770952011","252,990005",3,1,2024-07-02
2024-07-02 13:00:00,"220,08260447264908","243,070007",3,1,2024-07-02
2024-07-02 14:00:00,"309,74345354533267","249,410004",3,1,2024-07-02
2024-07-02 15:00:00,"475,3946687162671","262,170013",3,1,2024-07-02
2024-07-02 16:00:00,"634,7868838451835","261,720001",3,1,2024-07-02
2024-07-02 17:00:00,"871,0353127745983","267,160004",3,1,2024-07-02
2024-07-02 18:00:00,"1027,2209724413692","311,98999",3,1,2024-07-02
2024-07-02 19:00:00,"907,0761256421976","436,920013",3,1,2024-07-02
2024-07-02 20:00:00,"767,8195099704658","345,779999",3,1,2024-07-02
2024-07-02 21:00:00,"655,5714294590559","301,100006",3,1,2024-07-02
2024-07-02 22:00:00,"560,016968293629","277,459991",3,1,2024-07-02
2024-07-02 23:00:00,"488,14411380139575","268,809998",3,1,2024-07-02
2024-07-03 00:00:00,"446,26706356861354","267,23999",3,1,2024-07-03
2024-07-03 01:00:00,"448,53956997268705","270,380005",3,1,2024-07-03
2024-07-03 02:00:00,"452,8850474716097","288,649994",3,1,2024-07-03
2024-07-03 03:00:00,"464,73558203289235","439,309998",3,1,2024-07-03
2024-07-03 04:00:00,"548,3055422535715","647,929993",3,1,2024-07-03
2024-07-03 05:00:00,"870,5396661712136","729,599976",3,1,2024-07-03
2024-07-03 06:00:00,"1065,3808779186882","771,669983",3,1,2024-07-03
2024-07-03 07:00:00,"638,9958781443686","416,709991",3,1,2024-07-03
2024-07-03 08:00:00,"468,1956792982401","323,029999",3,1,2024-07-03
2024-07-03 09:00:00,"369,09946562209524","298,119995",3,1,2024-07-03
2024-07-03 10:00:00,"254,43835185791832","291,859985",3,1,2024-07-03
2024-07-03 11:00:00,"210,98108098346376","296,179993",3,1,2024-07-03
2024-07-03 12:00:00,"176,05429498074068","306,100006",3,1,2024-07-03
2024-07-03 13:00:00,"261,09261965352516","317,220001",3,1,2024-07-03
2024-07-03 14:00:00,"326,53835048354176","376,660004",3,1,2024-07-03
2024-07-03 15:00:00,"376,8304048645181","590,5",3,1,2024-07-03
2024-07-03 16:00:00,"478,55642329817164","697,830017",3,1,2024-07-03
2024-07-03 17:00:00,"584,9901275894348","831,27002",3,1,2024-07-03
2024-07-03 18:00:00,"689,0975313979128","1149,969971",3,1,2024-07-03
2024-07-03 19:00:00,"784,8274302283046","784,130005",3,1,2024-07-03
2024-07-03 20:00:00,"971,7990310917914","655,23999",3,1,2024-07-03
2024-07-03 21:00:00,"1287,124829563879","513,900024",3,1,2024-07-03
2024-07-03 22:00:00,"828,1972119264798","436,329987",3,1,2024-07-03
2024-07-03 23:00:00,"651,1679171482668","228,75",3,1,2024-07-03
2024-07-04 00:00:00,"559,8957612785085","154,240005",3,1,2024-07-04
2024-07-04 01:00:00,"532,2810473384194","130,149994",3,1,2024-07-04
2024-07-04 02:00:00,"521,0997132897681","70,779999",3,1,2024-07-04
2024-07-04 03:00:00,"481,2586613462018","74,730003",3,1,2024-07-04
2024-07-04 04:00:00,"558,1685405016785","197,429993",3,1,2024-07-04
2024-07-04 05:00:00,"876,3559531028649","223,759995",3,1,2024-07-04
2024-07-04 06:00:00,"815,7505789083112","235,910004",3,1,2024-07-04
2024-07-04 07:00:00,"638,2479575756714","168,940002",3,1,2024-07-04
2024-07-04 08:00:00,"487,8318827652814","14,17",3,1,2024-07-04
2024-07-04 09:00:00,"411,863065953019","0,0",3,1,2024-07-04
2024-07-04 10:00:00,"355,72993454641954","-0,3",3,1,2024-07-04
2024-07-04 11:00:00,"314,7753249774381","-37,52",3,1,2024-07-04
2024-07-04 12:00:00,"303,50714612368233","-142,380005",3,1,2024-07-04
2024-07-04 13:00:00,"324,7248477180285","-100,470001",3,1,2024-07-04
2024-07-04 14:00:00,"364,9146982994485","-39,599998",3,1,2024-07-04
2024-07-04 15:00:00,"515,2371734478198","-0,22",3,1,2024-07-04
2024-07-04 16:00:00,"626,2488276916923","50,490002",3,1,2024-07-04
2024-07-04 17:00:00,"944,9398820242823","216,300003",3,1,2024-07-04
2024-07-04 18:00:00,"1426,0062868296254","336,160004",3,1,2024-07-04
2024-07-04 19:00:00,"1183,9378365280409","289,320007",3,1,2024-07-04
2024-07-04 20:00:00,"857,2565679053653","288,5",3,1,2024-07-04
2024-07-04 21:00:00,"686,8033234273581","284,170013",3,1,2024-07-04
2024-07-04 22:00:00,"663,2574982963032","51,610001",3,1,2024-07-04
2024-07-04 23:00:00,"567,3733505702443","36,02",3,1,2024-07-04
2024-07-05 00:00:00,"536,180032150118","29,83",3,1,2024-07-05
2024-07-05 01:00:00,"542,1938052407298","19,91",3,1,2024-07-05
2024-07-05 02:00:00,"540,8555168750163","21,780001",3,1,2024-07-05
2024-07-05 03:00:00,"537,4987599379697","42,66",3,1,2024-07-05
2024-07-05 04:00:00,"546,6088577139652","149,100006",3,1,2024-07-05
2024-07-05 05:00:00,"571,7244443577491","216,970001",3,1,2024-07-05
2024-07-05 06:00:00,"508,6366914853044","234,720001",3,1,2024-07-05
2024-07-05 07:00:00,"475,6942279929737","138,429993",3,1,2024-07-05
2024-07-05 08:00:00,"464,3666748951388","22,0",3,1,2024-07-05
2024-07-05 09:00:00,"384,42189095477596","3,06",3,1,2024-07-05
2024-07-05 10:00:00,"328,7887562828618","-0,3",3,1,2024-07-05
2024-07-05 11:00:00,"281,95186536063363","-4,1",3,1,2024-07-05
2024-07-05 12:00:00,"253,24711010178322","-5,74",3,1,2024-07-05
2024-07-05 13:00:00,"255,32635081192268","-0,22",3,1,2024-07-05
2024-07-05 14:00:00,"284,7561336396028","14,4",3,1,2024-07-05
2024-07-05 15:00:00,"346,0822083924419","125,379997",3,1,2024-07-05
2024-07-05 16:00:00,"457,8856063648859","186,839996",3,1,2024-07-05
2024-07-05 17:00:00,"502,69815638114875","273,730011",3,1,2024-07-05
2024-07-05 18:00:00,"539,9731761618149","282,01001",3,1,2024-07-05
2024-07-05 19:00:00,"576,1030620287436","447,959991",3,1,2024-07-05
2024-07-05 20:00:00,"524,8655710001544","618,02002",3,1,2024-07-05
2024-07-05 21:00:00,"485,2626396576715","633,609985",3,1,2024-07-05
2024-07-05 22:00:00,"484,621008437927","637,890015",3,1,2024-07-05
2024-07-05 23:00:00,"510,10640241402405","492,73999",3,1,2024-07-05
2024-07-06 00:00:00,"489,30823421899544","473,799988",3,1,2024-07-06
2024-07-06 01:00:00,"463,2700934884207","346,540009",3,1,2024-07-06
2024-07-06 02:00:00,"447,6383045192288","288,070007",3,1,2024-07-06
2024-07-06 03:00:00,"393,12362283565153","117,029999",3,1,2024-07-06
2024-07-06 04:00:00,"390,9715680472338","42,740002",3,1,2024-07-06
2024-07-06 05:00:00,"329,00489355417267","40,049999",3,1,2024-07-06
2024-07-06 06:00:00,"258,33610147059534","25,360001",3,1,2024-07-06
2024-07-06 07:00:00,"165,8360270384822","2,39",3,1,2024-07-06
2024-07-06 08:00:00,"32,94218880503811","-0,3",3,1,2024-07-06
2024-07-06 09:00:00,"4,862790660721017","-0,15",3,1,2024-07-06
2024-07-06 10:00:00,"-25,38999983923401","-0,22",3,1,2024-07-06
2024-07-06 11:00:00,"-47,33934699910374","-0,9",3,1,2024-07-06
2024-07-06 12:00:00,"-45,75586974427543","-16,26",3,1,2024-07-06
2024-07-06 13:00:00,"-50,11309165531222","-20,209999",3,1,2024-07-06
2024-07-06 14:00:00,"-24,780493880043096","-4,48",3,1,2024-07-06
2024-07-06 15:00:00,"274,9216452715585","-0,45",3,1,2024-07-06
2024-07-06 16:00:00,"446,6898961776148","14,02",3,1,2024-07-06
2024-07-06 17:00:00,"582,9697232239698","1,64",3,1,2024-07-06
2024-07-06 18:00:00,"618,9109700993137","49,900002",3,1,2024-07-06
2024-07-06 19:00:00,"532,6050176665868","70,110001",3,1,2024-07-06
2024-07-06 20:00:00,"477,9488095468246","134,259995",3,1,2024-07-06
2024-07-06 21:00:00,"446,18452782445144","104,580002",3,1,2024-07-06
2024-07-06 22:00:00,"442,6986009999119","-0,22",3,1,2024-07-06
2024-07-06 23:00:00,"366,36154031335303","-0,75",3,1,2024-07-06
2024-07-07 00:00:00,"329,1070479324956","-5,97",3,1,2024-07-07
2024-07-07 01:00:00,"310,4581317721793","-3,58",3,1,2024-07-07
2024-07-07 02:00:00,"291,9900827241569","-0,45",3,1,2024-07-07
2024-07-07 03:00:00,"261,8515823369776","-0,07",3,1,2024-07-07
2024-07-07 04:00:00,"236,83653907027588","-0,07",3,1,2024-07-07
2024-07-07 05:00:00,"162,5933393248578","-0,07",3,1,2024-07-07
2024-07-07 06:00:00,"68,9030873265254","-4,47",3,1,2024-07-07
2024-07-07 07:00:00,"11,426027610391236","-48,400002",3,1,2024-07-07
2024-07-07 08:00:00,"-1,1593295676991442","-74,43",3,1,2024-07-07
2024-07-07 09:00:00,"-27,464582864973853","-89,800003",3,1,2024-07-07
2024-07-07 10:00:00,"-38,65452892257293","-100,610001",3,1,2024-07-07
2024-07-07 11:00:00,"-54,95892093852863","-112,019997",3,1,2024-07-07
2024-07-07 12:00:00,"-62,35052999471182","-156,470001",3,1,2024-07-07
2024-07-07 13:00:00,"-48,57391112437201","-90,989998",3,1,2024-07-07
2024-07-07 14:00:00,"-17,284718081382902","-45,939999",3,1,2024-07-07
2024-07-07 15:00:00,"269,7359581792252","-0,6",3,1,2024-07-07
2024-07-07 16:00:00,"428,9893765572378","477,23999",3,1,2024-07-07
2024-07-07 17:00:00,"613,9710380426587","673,23999",3,1,2024-07-07
2024-07-07 18:00:00,"827,5116308353777","890,48999",3,1,2024-07-07
2024-07-07 19:00:00,"847,88552289106","947,549988",3,1,2024-07-07
2024-07-07 20:00:00,"829,3224974392746","859,169983",3,1,2024-07-07
2024-07-07 21:00:00,"712,3376137158806","724,400024",3,1,2024-07-07
2024-07-07 22:00:00,"680,2504590198103","608,72998",3,1,2024-07-07
2024-07-07 23:00:00,"594,1568333191199","571,659973",3,1,2024-07-07
2024-07-08 00:00:00,"570,063579405862","552,48999",3,2,2024-07-08
2024-07-08 01:00:00,"573,9967175896395","579,640015",3,2,2024-07-08
2024-07-08 02:00:00,"575,0322756540013","568,900024",3,2,2024-07-08
2024-07-08 03:00:00,"655,7297715579346","592,469971",3,2,2024-07-08
2024-07-08 04:00:00,"911,4109304164756","820,390015",3,2,2024-07-08
2024-07-08 05:00:00,"1012,0735685984259","924,580017",3,2,2024-07-08
2024-07-08 06:00:00,"896,6415947348316","750,580017",3,2,2024-07-08
2024-07-08 07:00:00,"697,424118703948","578,820007",3,2,2024-07-08
2024-07-08 08:00:00,"545,663791894904","402,209991",3,2,2024-07-08
2024-07-08 09:00:00,"453,9932169816324","286,609985",3,2,2024-07-08
2024-07-08 10:00:00,"372,11819534798633","237,089996",3,2,2024-07-08
2024-07-08 11:00:00,"343,7814487729382","219,639999",3,2,2024-07-08
2024-07-08 12:00:00,"295,01680223232034","220,460007",3,2,2024-07-08
2024-07-08 13:00:00,"336,0258202757187","274,079987",3,2,2024-07-08
2024-07-08 14:00:00,"405,5622055873942","477,320007",3,2,2024-07-08
2024-07-08 15:00:00,"544,2854170561203","598,140015",3,2,2024-07-08
2024-07-08 16:00:00,"699,2969880138844","765,419983",3,2,2024-07-08
2024-07-08 17:00:00,"1030,5797212856032","1006,840027",3,2,2024-07-08
2024-07-08 18:00:00,"1461,2668169575784","1857,140015",3,2,2024-07-08
2024-07-08 19:00:00,"1201,4068450347254","1295,390015",3,2,2024-07-08
2024-07-08 20:00:00,"897,5155091413327","847,609985",3,2,2024-07-08
2024-07-08 21:00:00,"701,1580184038453","686,289978",3,2,2024-07-08
2024-07-08 22:00:00,"642,6771374778175","787,049988",3,2,2024-07-08
2024-07-08 23:00:00,"619,9256200282549","715,73999",3,2,2024-07-08
2024-07-09 00:00:00,"621,2855010637626","694,26001",3,2,2024-07-09
2024-07-09 01:00:00,"625,348473282195","679,789978",3,2,2024-07-09
2024-07-09 02:00:00,"633,157173571365","653,840027",3,2,2024-07-09
2024-07-09 03:00:00,"673,6188807032684","722,22998",3,2,2024-07-09
2024-07-09 04:00:00,"835,6708135916332","830,76001",3,2,2024-07-09
2024-07-09 05:00:00,"873,1637585968925","773,919983",3,2,2024-07-09
2024-07-09 06:00:00,"741,7278150619824","701,119995",3,2,2024-07-09
2024-07-09 07:00:00,"595,1484223282797","501,679993",3,2,2024-07-09
2024-07-09 08:00:00,"484,45199844409456","347,799988",3,2,2024-07-09
2024-07-09 09:00:00,"359,1772371419775","251,440002",3,2,2024-07-09
2024-07-09 10:00:00,"322,8772677758081","163,720001",3,2,2024-07-09
2024-07-09 11:00:00,"302,89627295761136","119,190002",3,2,2024-07-09
2024-07-09 12:00:00,"289,4289850263297","32,369999",3,2,2024-07-09
2024-07-09 13:00:00,"320,18909783365615","82,639999",3,2,2024-07-09
2024-07-09 14:00:00,"439,0823722879176","400,76001",3,2,2024-07-09
2024-07-09 15:00:00,"553,2026380368707","609,309998",3,2,2024-07-09
2024-07-09 16:00:00,"757,0673842553545","740,429993",3,2,2024-07-09
2024-07-09 17:00:00,"935,5539326584839","822,47998",3,2,2024-07-09
2024-07-09 18:00:00,"1034,6224271217684","841,349976",3,2,2024-07-09
2024-07-09 19:00:00,"880,0602769894675","748,26001",3,2,2024-07-09
2024-07-09 20:00:00,"772,9706921692526","338,779999",3,2,2024-07-09
2024-07-09 21:00:00,"640,6964602835139","301,779999",3,2,2024-07-09
2024-07-09 22:00:00,"543,6308239512705","243,110001",3,2,2024-07-09
2024-07-09 23:00:00,"478,465343225858","246,089996",3,2,2024-07-09
2024-07-10 00:00:00,"454,3194350661639","224,009995",3,2,2024-07-10
2024-07-10 01:00:00,"441,87950913349465","214,320007",3,2,2024-07-10
2024-07-10 02:00:00,"446,7053512451006","223,789993",3,2,2024-07-10
2024-07-10 03:00:00,"480,6611853821399","243,779999",3,2,2024-07-10
2024-07-10 04:00:00,"579,7892319823636","300,700012",3,2,2024-07-10
2024-07-10 05:00:00,"690,8321084875824","325,089996",3,2,2024-07-10
2024-07-10 06:00:00,"774,4782581247729","622,809998",3,2,2024-07-10
2024-07-10 07:00:00,"662,943072814883","586,109985",3,2,2024-07-10
2024-07-10 08:00:00,"508,3736816642","484,880005",3,2,2024-07-10
2024-07-10 09:00:00,"400,7775707122661","416,029999",3,2,2024-07-10
2024-07-10 10:00:00,"319,12017644607863","351,570007",3,2,2024-07-10
2024-07-10 11:00:00,"270,8913128548344","304,059998",3,2,2024-07-10
2024-07-10 12:00:00,"239,44845327486084","392,149994",3,2,2024-07-10
2024-07-10 13:00:00,"289,6141734926172","394,690002",3,2,2024-07-10
2024-07-10 14:00:00,"339,836591220259","441,089996",3,2,2024-07-10
2024-07-10 15:00:00,"469,21825853839664","597,820007",3,2,2024-07-10
2024-07-10 16:00:00,"586,9738387315496","595,059998",3,2,2024-07-10
2024-07-10 17:00:00,"705,8993891306399","743,880005",3,2,2024-07-10
2024-07-10 18:00:00,"917,9990223132966","872,780029",3,2,2024-07-10
2024-07-10 19:00:00,"1223,3545164396041","1122,75",3,2,2024-07-10
2024-07-10 20:00:00,"1426,8483630451924","850,179993",3,2,2024-07-10
2024-07-10 21:00:00,"1398,1906885831236","693,150024",3,2,2024-07-10
2024-07-10 22:00:00,"796,7585665731046","716,380005",3,2,2024-07-10
2024-07-10 23:00:00,"587,33680903481","596,48999",3,2,2024-07-10
2024-07-11 00:00:00,"459,29016409958973","574,919983",3,2,2024-07-11
2024-07-11 01:00:00,"445,93864052323875","593,869995",3,2,2024-07-11
2024-07-11 02:00:00,"409,23881630793136","599,169983",3,2,2024-07-11
2024-07-11 03:00:00,"394,2973078605921","611,630005",3,2,2024-07-11
2024-07-11 04:00:00,"594,390886112286","801,72998",3,2,2024-07-11
2024-07-11 05:00:00,"686,2789171008002","895,289978",3,2,2024-07-11
2024-07-11 06:00:00,"615,4916217141634","794,789978",3,2,2024-07-11
2024-07-11 07:00:00,"465,52306275157497","664,830017",3,2,2024-07-11
2024-07-11 08:00:00,"334,466886494492","602,01001",3,2,2024-07-11
2024-07-11 09:00:00,"247,94544618822593","496,880005",3,2,2024-07-11
2024-07-11 10:00:00,"221,27372444728226","428,540009",3,2,2024-07-11
2024-07-11 11:00:00,"203,89055137351525","355,880005",3,2,2024-07-11
2024-07-11 12:00:00,"177,18307041866424","331,850006",3,2,2024-07-11
2024-07-11 13:00:00,"215,38616402402337","373,779999",3,2,2024-07-11
2024-07-11 14:00:00,"266,893184921777","454,959991",3,2,2024-07-11
2024-07-11 15:00:00,"401,4884666373453","611,109985",3,2,2024-07-11
2024-07-11 16:00:00,"502,51374218793455","683,25",3,2,2024-07-11
2024-07-11 17:00:00,"670,7420242283347","872,909973",3,2,2024-07-11
2024-07-11 18:00:00,"1047,7392464763582","1375,23999",3,2,2024-07-11
2024-07-11 19:00:00,"1065,2900834055624","1244,0",3,2,2024-07-11
2024-07-11 20:00:00,"792,1573366739228","907,150024",3,2,2024-07-11
2024-07-11 21:00:00,"654,3690158917067","732,049988",3,2,2024-07-11
2024-07-11 22:00:00,"559,1515541364263","764,130005",3,2,2024-07-11
2024-07-11 23:00:00,"475,2708895873342","651,400024",3,2,2024-07-11
2024-07-12 00:00:00,"474,42721357173775","609,619995",3,2,2024-07-12
2024-07-12 01:00:00,"458,7523157841483","596,710022",3,2,2024-07-12
2024-07-12 02:00:00,"441,8803310408127","570,0",3,2,2024-07-12
2024-07-12 03:00:00,"448,6810810444744","592,159973",3,2,2024-07-12
2024-07-12 04:00:00,"571,2057996144864","805,309998",3,2,2024-07-12
2024-07-12 05:00:00,"691,884087943653","820,080017",3,2,2024-07-12
2024-07-12 06:00:00,"608,0613295581996","817,690002",3,2,2024-07-12
2024-07-12 07:00:00,"462,55378903823805","763,97998",3,2,2024-07-12
2024-07-12 08:00:00,"311,9671361006076","715,26001",3,2,2024-07-12
2024-07-12 09:00:00,"205,9586340163201","670,200012",3,2,2024-07-12
2024-07-12 10:00:00,"183,49790612331267","621,099976",3,2,2024-07-12
2024-07-12 11:00:00,"169,29850368167354","586,409973",3,2,2024-07-12
2024-07-12 12:00:00,"177,56055990759597","582,22998",3,2,2024-07-12
2024-07-12 13:00:00,"189,09390907763472","583,349976",3,2,2024-07-12
2024-07-12 14:00:00,"214,20100908984787","624,159973",3,2,2024-07-12
2024-07-12 15:00:00,"287,7105223557099","589,400024",3,2,2024-07-12
2024-07-12 16:00:00,"435,3491376844766","671,840027",3,2,2024-07-12
2024-07-12 17:00:00,"568,0902512939286","720,849976",3,2,2024-07-12
2024-07-12 18:00:00,"680,3532699338724","683,400024",3,2,2024-07-12
2024-07-12 19:00:00,"774,0041538630292","705,859985",3,2,2024-07-12
2024-07-12 20:00:00,"745,8167414821856","639,090027",3,2,2024-07-12
2024-07-12 21:00:00,"671,1120831509103","522,330017",3,2,2024-07-12
2024-07-12 22:00:00,"614,2819642256063","251,740005",3,2,2024-07-12
2024-07-12 23:00:00,"521,7436092642622","242,940002",3,2,2024-07-12
2024-07-13 00:00:00,"534,3529594810403","259,869995",3,2,2024-07-13
2024-07-13 01:00:00,"494,60025282379155","247,710007",3,2,2024-07-13
2024-07-13 02:00:00,"467,6458516601783","243,610001",3,2,2024-07-13
2024-07-13 03:00:00,"405,8072413828366","231,149994",3,2,2024-07-13
2024-07-13 04:00:00,"368,55970867925464","227,860001",3,2,2024-07-13
2024-07-13 05:00:00,"329,13494094984634","207,570007",3,2,2024-07-13
2024-07-13 06:00:00,"272,0324043235403","198,470001",3,2,2024-07-13
2024-07-13 07:00:00,"165,62331946661143","156,460007",3,2,2024-07-13
2024-07-13 08:00:00,"32,98747294688806","38,5",3,2,2024-07-13
2024-07-13 09:00:00,"6,259535244085988","0,3",3,2,2024-07-13
2024-07-13 10:00:00,"-7,363796556091149","-0,07",3,2,2024-07-13
2024-07-13 11:00:00,"-72,3721493054913","-6,49",3,2,2024-07-13
2024-07-13 12:00:00,"-82,67102602255534","-6,04",3,2,2024-07-13
2024-07-13 13:00:00,"-58,81325184300611","-0,45",3,2,2024-07-13
2024-07-13 14:00:00,"6,564429471275804","10,52",3,2,2024-07-13
2024-07-13 15:00:00,"314,5788933402395","-0,07",3,2,2024-07-13
2024-07-13 16:00:00,"450,78064441127185","214,660004",3,2,2024-07-13
2024-07-13 17:00:00,"579,3621282085743","375,519989",3,2,2024-07-13
2024-07-13 18:00:00,"649,2780942014331","562,950012",3,2,2024-07-13
2024-07-13 19:00:00,"607,8511175226075","568,98999",3,2,2024-07-13
2024-07-13 20:00:00,"561,0102359393813","588,23999",3,2,2024-07-13
2024-07-13 21:00:00,"481,15820613142716","470,049988",3,2,2024-07-13
2024-07-13 22:00:00,"394,7956348804075","663,700012",3,2,2024-07-13
2024-07-13 23:00:00,"356,08500077577156","471,48999",3,2,2024-07-13
2024-07-14 00:00:00,"345,0267079591694","413,73999",3,2,2024-07-14
2024-07-14 01:00:00,"343,9914566612515","330,540009",3,2,2024-07-14
2024-07-14 02:00:00,"325,36329124239523","283,01001",3,2,2024-07-14
2024-07-14 03:00:00,"278,7574262132814","274,660004",3,2,2024-07-14
2024-07-14 04:00:00,"234,4450371461848","238,470001",3,2,2024-07-14
2024-07-14 05:00:00,"158,61881461364212","106,550003",3,2,2024-07-14
2024-07-14 06:00:00,"68,54247504755935","2,16",3,2,2024-07-14
2024-07-14 07:00:00,"8,223913672190271","-17,09",3,2,2024-07-14
2024-07-14 08:00:00,"-6,424219559881026","-22,530001",3,2,2024-07-14
2024-07-14 09:00:00,"-25,249482075197694","-25,370001",3,2,2024-07-14
2024-07-14 10:00:00,"-29,812855722438094","-31,49",3,2,2024-07-14
2024-07-14 11:00:00,"-41,200502306147044","-38,5",3,2,2024-07-14
2024-07-14 12:00:00,"-42,02477095950189","-47,830002",3,2,2024-07-14
2024-07-14 13:00:00,"-31,45300541233489","-39,990002",3,2,2024-07-14
2024-07-14 14:00:00,"-12,902437287193052","-75,809998",3,2,2024-07-14
2024-07-14 15:00:00,"339,3887580964563","-0,37",3,2,2024-07-14
2024-07-14 16:00:00,"379,2143435099731","347,26001",3,2,2024-07-14
2024-07-14 17:00:00,"501,091688361812","654,820007",3,2,2024-07-14
2024-07-14 18:00:00,"834,3924711053993","841,650024",3,2,2024-07-14
2024-07-14 19:00:00,"855,5175873346458","806,059998",3,2,2024-07-14
2024-07-14 20:00:00,"785,0793484766193","789,719971",3,2,2024-07-14
2024-07-14 21:00:00,"687,8587641680642","649,590027",3,2,2024-07-14
2024-07-14 22:00:00,"666,8027108268597","592,070007",3,2,2024-07-14
2024-07-14 23:00:00,"580,473625382648","494,25",3,2,2024-07-14
2024-07-15 00:00:00,"528,8154274039988","434,029999",3,3,2024-07-15
2024-07-15 01:00:00,"542,8925102708356","361,059998",3,3,2024-07-15
2024-07-15 02:00:00,"549,4866290789997","388,73999",3,3,2024-07-15
2024-07-15 03:00:00,"565,1076842149171","482,160004",3,3,2024-07-15
2024-07-15 04:00:00,"649,645463021328","482,609985",3,3,2024-07-15
2024-07-15 05:00:00,"719,5534256950335","482,380005",3,3,2024-07-15
2024-07-15 06:00:00,"754,8625297176947","482,079987",3,3,2024-07-15
2024-07-15 07:00:00,"660,675662871959","299,200012",3,3,2024-07-15
2024-07-15 08:00:00,"512,9245069313633","265,029999",3,3,2024-07-15
2024-07-15 09:00:00,"410,88441370709216","84,239998",3,3,2024-07-15
2024-07-15 10:00:00,"347,71275257155145","0,52",3,3,2024-07-15
2024-07-15 11:00:00,"314,09302730034574","-0,07",3,3,2024-07-15
2024-07-15 12:00:00,"243,69028466969124","-0,52",3,3,2024-07-15
2024-07-15 13:00:00,"280,7041634058677","26,41",3,3,2024-07-15
2024-07-15 14:00:00,"345,59918027973686","330,470001",3,3,2024-07-15
2024-07-15 15:00:00,"472,3538371254373","611,840027",3,3,2024-07-15
2024-07-15 16:00:00,"595,4731509194089","853,219971",3,3,2024-07-15
2024-07-15 17:00:00,"714,702519815362","1389,619995",3,3,2024-07-15
2024-07-15 18:00:00,"1025,5677456498047","1598,540039",3,3,2024-07-15
2024-07-15 19:00:00,"1089,3758930465874","1050,27002",3,3,2024-07-15
2024-07-15 20:00:00,"845,2272127301394","690,030029",3,3,2024-07-15
2024-07-15 21:00:00,"666,479984977329","597,659973",3,3,2024-07-15
2024-07-15 22:00:00,"684,2815996456847","571,47998",3,3,2024-07-15
2024-07-15 23:00:00,"634,3416542704294","475,829987",3,3,2024-07-15
2024-07-16 00:00:00,"636,4663795828243","391,660004",3,3,2024-07-16
2024-07-16 01:00:00,"631,7899843898991","274,73999",3,3,2024-07-16
2024-07-16 02:00:00,"622,2315558020139","284,730011",3,3,2024-07-16
2024-07-16 03:00:00,"678,9993922180583","375,470001",3,3,2024-07-16
2024-07-16 04:00:00,"797,8349386497072","531,859985",3,3,2024-07-16
2024-07-16 05:00:00,"791,1349967039955","593,049988",3,3,2024-07-16
2024-07-16 06:00:00,"736,4725703127953","568,349976",3,3,2024-07-16
2024-07-16 07:00:00,"562,3511703475356","468,359985",3,3,2024-07-16
2024-07-16 08:00:00,"439,6922285710918","160,350006",3,3,2024-07-16
2024-07-16 09:00:00,"308,9171310632898","10,67",3,3,2024-07-16
2024-07-16 10:00:00,"241,14077171181648","15,15",3,3,2024-07-16
2024-07-16 11:00:00,"199,3328232851311","98,489998",3,3,2024-07-16
2024-07-16 12:00:00,"168,03570143876834","30,290001",3,3,2024-07-16
2024-07-16 13:00:00,"215,84918443202713","10,97",3,3,2024-07-16
2024-07-16 14:00:00,"333,4475309757833","-0,07",3,3,2024-07-16
2024-07-16 15:00:00,"515,6561147275969","165,050003",3,3,2024-07-16
2024-07-16 16:00:00,"638,6092192722373","470,230011",3,3,2024-07-16
2024-07-16 17:00:00,"896,9318257217831","611,780029",3,3,2024-07-16
2024-07-16 18:00:00,"987,4074815236637","907,330017",3,3,2024-07-16
2024-07-16 19:00:00,"844,5427893967167","852,710022",3,3,2024-07-16
2024-07-16 20:00:00,"742,5600855712162","789,51001",3,3,2024-07-16
2024-07-16 21:00:00,"603,2490347610885","629,090027",3,3,2024-07-16
2024-07-16 22:00:00,"697,5102119800939","652,109985",3,3,2024-07-16
2024-07-16 23:00:00,"766,0434800685424","544,52002",3,3,2024-07-16
2024-07-17 00:00:00,"913,9163599079619","543,330017",3,3,2024-07-17
2024-07-17 01:00:00,"1222,8735388372952","526,23999",3,3,2024-07-17
2024-07-17 02:00:00,"1306,9724421051476","530,119995",3,3,2024-07-17
2024-07-17 03:00:00,"1651,9427813417017","577,799988",3,3,2024-07-17
2024-07-17 04:00:00,"3017,431847840526","671,880005",3,3,2024-07-17
2024-07-17 05:00:00,"3004,483906832627","744,330017",3,3,2024-07-17
2024-07-17 06:00:00,"1486,7435670054265","788,650024",3,3,2024-07-17
2024-07-17 07:00:00,"810,7727844375088","575,559998",3,3,2024-07-17
2024-07-17 08:00:00,"602,6195032950947","434,170013",3,3,2024-07-17
2024-07-17 09:00:00,"377,82596198242885","311,51001",3,3,2024-07-17
2024-07-17 10:00:00,"302,36316697701864","243,160004",3,3,2024-07-17
2024-07-17 11:00:00,"288,35512628267463","163,029999",3,3,2024-07-17
2024-07-17 12:00:00,"309,20992698831515","80,580002",3,3,2024-07-17
2024-07-17 13:00:00,"356,51085447650206","100,5",3,3,2024-07-17
2024-07-17 14:00:00,"431,3029582584011","290,089996",3,3,2024-07-17
2024-07-17 15:00:00,"565,2696842216533","460,209991",3,3,2024-07-17
2024-07-17 16:00:00,"622,3414290325617","618,76001",3,3,2024-07-17
2024-07-17 17:00:00,"790,7314716809955","797,530029",3,3,2024-07-17
2024-07-17 18:00:00,"1088,913983587517","984,280029",3,3,2024-07-17
2024-07-17 19:00:00,"1203,7014762498889","1044,790039",3,3,2024-07-17
2024-07-17 20:00:00,"1326,2425167471354","857,369995",3,3,2024-07-17
2024-07-17 21:00:00,"1363,2012062911933","687,700012",3,3,2024-07-17
2024-07-17 22:00:00,"787,4564825215414","506,570007",3,3,2024-07-17
2024-07-17 23:00:00,"547,152808711637","544,679993",3,3,2024-07-17
2024-07-18 00:00:00,"444,943133539802","493,589996",3,3,2024-07-18
2024-07-18 01:00:00,"441,89855330619923","491,200012",3,3,2024-07-18
2024-07-18 02:00:00,"418,6809090214777","466,880005",3,3,2024-07-18
2024-07-18 03:00:00,"433,45956112816305","298,369995",3,3,2024-07-18
2024-07-18 04:00:00,"583,7016343117714","650,309998",3,3,2024-07-18
2024-07-18 05:00:00,"611,3006369348861","704,909973",3,3,2024-07-18
2024-07-18 06:00:00,"556,6625157998293","506,269989",3,3,2024-07-18
2024-07-18 07:00:00,"494,796596772487","351,339996",3,3,2024-07-18
2024-07-18 08:00:00,"368,945542903245","270,779999",3,3,2024-07-18
2024-07-18 09:00:00,"284,6159761805647","253,470001",3,3,2024-07-18
2024-07-18 10:00:00,"234,0377059409895","253,25",3,3,2024-07-18
2024-07-18 11:00:00,"199,46303234276485","252,800003",3,3,2024-07-18
2024-07-18 12:00:00,"163,15091027399302","254,360001",3,3,2024-07-18
2024-07-18 13:00:00,"193,43518326580394","260,929993",3,3,2024-07-18
2024-07-18 14:00:00,"212,5277330478358","197,080002",3,3,2024-07-18
2024-07-18 15:00:00,"349,2465953441071","637,630005",3,3,2024-07-18
2024-07-18 16:00:00,"438,8468301690241","686,26001",3,3,2024-07-18
2024-07-18 17:00:00,"601,3937861107432","952,26001",3,3,2024-07-18
2024-07-18 18:00:00,"1044,168034211998","1382,819946",3,3,2024-07-18
2024-07-18 19:00:00,"1142,5880015105483","1318,290039",3,3,2024-07-18
2024-07-18 20:00:00,"836,3735403021897","891,690002",3,3,2024-07-18
2024-07-18 21:00:00,"655,923933406731","760,26001",3,3,2024-07-18
2024-07-18 22:00:00,"561,3185018031447","672,26001",3,3,2024-07-18
2024-07-18 23:00:00,"491,94369041836865","600,200012",3,3,2024-07-18
2024-07-19 00:00:00,"462,1933679368368","596,169983",3,3,2024-07-19
2024-07-19 01:00:00,"451,57911592940394","583,47998",3,3,2024-07-19
2024-07-19 02:00:00,"429,4056575422186","606,390015",3,3,2024-07-19
2024-07-19 03:00:00,"452,908338136198","667,039978",3,3,2024-07-19
2024-07-19 04:00:00,"602,9211454256083","827,289978",3,3,2024-07-19
2024-07-19 05:00:00,"643,9308402550182","810,72998",3,3,2024-07-19
2024-07-19 06:00:00,"578,0153190205306","734,109985",3,3,2024-07-19
2024-07-19 07:00:00,"451,0336802816419","607,51001",3,3,2024-07-19
2024-07-19 08:00:00,"309,030919337279","522,22998",3,3,2024-07-19
2024-07-19 09:00:00,"217,7107661692059","438,299988",3,3,2024-07-19
2024-07-19 10:00:00,"187,87651421827627","330,799988",3,3,2024-07-19
2024-07-19 11:00:00,"171,96821149722146","272,309998",3,3,2024-07-19
2024-07-19 12:00:00,"154,18667709546406","270,070007",3,3,2024-07-19
2024-07-19 13:00:00,"158,86844678393217","317,369995",3,3,2024-07-19
2024-07-19 14:00:00,"206,03089653287887","475,899994",3,3,2024-07-19
2024-07-19 15:00:00,"236,15464620574107","576,98999",3,3,2024-07-19
2024-07-19 16:00:00,"336,1405303009131","683,460022",3,3,2024-07-19
2024-07-19 17:00:00,"450,1493857877213","888,099976",3,3,2024-07-19
2024-07-19 18:00:00,"551,7186372329666","1358,410034",3,3,2024-07-19
2024-07-19 19:00:00,"666,7557384519944","895,26001",3,3,2024-07-19
2024-07-19 20:00:00,"712,8295670610418","797,22998",3,3,2024-07-19
2024-07-19 21:00:00,"670,3060794454822","683,01001",3,3,2024-07-19
2024-07-19 22:00:00,"613,3599238853712","706,789978",3,3,2024-07-19
2024-07-19 23:00:00,"565,829039846335","667,099976",3,3,2024-07-19
2024-07-20 00:00:00,"494,9300808916019","658,440002",3,3,2024-07-20
2024-07-20 01:00:00,"467,95394180988114","670,599976",3,3,2024-07-20
2024-07-20 02:00:00,"445,1925240891342","703,130005",3,3,2024-07-20
2024-07-20 03:00:00,"371,1081730233639","699,849976",3,3,2024-07-20
2024-07-20 04:00:00,"331,31123892367856","665,159973",3,3,2024-07-20
2024-07-20 05:00:00,"284,74340515523136","641,580017",3,3,2024-07-20
2024-07-20 06:00:00,"222,95555779947273","508,850006",3,3,2024-07-20
2024-07-20 07:00:00,"126,08643980347942","371,559998",3,3,2024-07-20
2024-07-20 08:00:00,"11,677359214202575","38,419998",3,3,2024-07-20
2024-07-20 09:00:00,"-14,051270616535364","0,0",3,3,2024-07-20
2024-07-20 10:00:00,"-63,426804632389555","-1,57",3,3,2024-07-20
2024-07-20 11:00:00,"-70,1648245558174","0,15",3,3,2024-07-20
2024-07-20 12:00:00,"-81,40097723918872","-1,87",3,3,2024-07-20
2024-07-20 13:00:00,"-72,29489319225607","-20,219999",3,3,2024-07-20
2024-07-20 14:00:00,"-12,982044058750422","18,059999",3,3,2024-07-20
2024-07-20 15:00:00,"280,2752055672409","390,140015",3,3,2024-07-20
2024-07-20 16:00:00,"314,4864629038365","634,190002",3,3,2024-07-20
2024-07-20 17:00:00,"397,4285572702203","817,440002",3,3,2024-07-20
2024-07-20 18:00:00,"457,1545045058008","1005,380005",3,3,2024-07-20
2024-07-20 19:00:00,"477,3361613737545","811,840027",3,3,2024-07-20
2024-07-20 20:00:00,"477,211088365699","627,47998",3,3,2024-07-20
2024-07-20 21:00:00,"422,5730580844792","555,929993",3,3,2024-07-20
2024-07-20 22:00:00,"394,3737004677049","474,790009",3,3,2024-07-20
2024-07-20 23:00:00,"307,40763962559","420,089996",3,3,2024-07-20
2024-07-21 00:00:00,"291,17332260424627","411,880005",3,3,2024-07-21
2024-07-21 01:00:00,"252,06107252254148","450,540009",3,3,2024-07-21
2024-07-21 02:00:00,"231,421760138014","496,570007",3,3,2024-07-21
2024-07-21 03:00:00,"208,4020823007123","561,419983",3,3,2024-07-21
2024-07-21 04:00:00,"178,33224841808263","480,529999",3,3,2024-07-21
2024-07-21 05:00:00,"91,37749587989363","421,809998",3,3,2024-07-21
2024-07-21 06:00:00,"20,124090032722233","363,230011",3,3,2024-07-21
2024-07-21 07:00:00,"0,4408195495727206","78,870003",3,3,2024-07-21
2024-07-21 08:00:00,"-30,81299167360527","0,52",3,3,2024-07-21
2024-07-21 09:00:00,"-48,747051170243","0,22",3,3,2024-07-21
2024-07-21 10:00:00,"-59,95300387216544","0,15",3,3,2024-07-21
2024-07-21 11:00:00,"-68,22907631232736","-0,45",3,3,2024-07-21
2024-07-21 12:00:00,"-55,60762080518414","-1,34",3,3,2024-07-21
2024-07-21 13:00:00,"-65,33919343620691","0,3",3,3,2024-07-21
2024-07-21 14:00:00,"-50,26571908283345","0,82",3,3,2024-07-21
2024-07-21 15:00:00,"326,3994820778043","446,279999",3,3,2024-07-21
2024-07-21 16:00:00,"371,47469690732675","600,289978",3,3,2024-07-21
2024-07-21 17:00:00,"382,2142853500472","807,880005",3,3,2024-07-21
2024-07-21 18:00:00,"633,5780530755909","841,150024",3,3,2024-07-21
2024-07-21 19:00:00,"709,600823002621","919,950012",3,3,2024-07-21
2024-07-21 20:00:00,"756,5212789593835","814,590027",3,3,2024-07-21
2024-07-21 21:00:00,"677,7318413297094","672,73999",3,3,2024-07-21
2024-07-21 22:00:00,"625,5601725449831","901,669983",3,3,2024-07-21
2024-07-21 23:00:00,"554,6994617681372","721,02002",3,3,2024-07-21
2024-07-22 00:00:00,"504,7918512499045","648,27002",3,4,2024-07-22
2024-07-22 01:00:00,"523,9143128051537","648,640015",3,4,2024-07-22
2024-07-22 02:00:00,"536,0482146522037","610,659973",3,4,2024-07-22
2024-07-22 03:00:00,"573,4291990830114","591,859985",3,4,2024-07-22
2024-07-22 04:00:00,"594,3803528259954","811,159973",3,4,2024-07-22
2024-07-22 05:00:00,"642,312904173477","896,070007",3,4,2024-07-22
2024-07-22 06:00:00,"680,5904402701275","852,719971",3,4,2024-07-22
2024-07-22 07:00:00,"605,0375883584819","703,929993",3,4,2024-07-22
2024-07-22 08:00:00,"461,61898663934954","473,290009",3,4,2024-07-22
2024-07-22 09:00:00,"351,3697740797876","291,600006",3,4,2024-07-22
2024-07-22 10:00:00,"265,2483177573283","191,089996",3,4,2024-07-22
2024-07-22 11:00:00,"213,12474820101906","174,300003",3,4,2024-07-22
2024-07-22 12:00:00,"177,17454982597314","144,830002",3,4,2024-07-22
2024-07-22 13:00:00,"205,5926568824404","152,070007",3,4,2024-07-22
2024-07-22 14:00:00,"267,2024872207433","170,279999",3,4,2024-07-22
2024-07-22 15:00:00,"312,795277837701","463,820007",3,4,2024-07-22
2024-07-22 16:00:00,"355,94126491464544","603,719971",3,4,2024-07-22
2024-07-22 17:00:00,"654,3643849476706","739,0",3,4,2024-07-22
2024-07-22 18:00:00,"1030,9995359720376","1043,660034",3,4,2024-07-22
2024-07-22 19:00:00,"1069,4323911491808","1046,569946",3,4,2024-07-22
2024-07-22 20:00:00,"778,4753462013285","828,539978",3,4,2024-07-22
2024-07-22 21:00:00,"639,3826331547141","712,73999",3,4,2024-07-22
2024-07-22 22:00:00,"641,3949257191322","618,22998",3,4,2024-07-22
2024-07-22 23:00:00,"588,3256246513955","559,349976",3,4,2024-07-22
2024-07-23 00:00:00,"555,5458480690913","547,630005",3,4,2024-07-23
2024-07-23 01:00:00,"499,8160896315265","508,380005",3,4,2024-07-23
2024-07-23 02:00:00,"496,52113033180484","526,52002",3,4,2024-07-23
2024-07-23 03:00:00,"539,3514048643017","549,799988",3,4,2024-07-23
2024-07-23 04:00:00,"708,8237151565268","745,450012",3,4,2024-07-23
2024-07-23 05:00:00,"730,4762323322327","865,590027",3,4,2024-07-23
2024-07-23 06:00:00,"687,3176697267866","824,179993",3,4,2024-07-23
2024-07-23 07:00:00,"528,4786610802963","651,359985",3,4,2024-07-23
2024-07-23 08:00:00,"372,2302150073615","513,909973",3,4,2024-07-23
2024-07-23 09:00:00,"262,8049707207745","457,940002",3,4,2024-07-23
2024-07-23 10:00:00,"229,0939223571746","324,0",3,4,2024-07-23
2024-07-23 11:00:00,"180,7873517375227","285,720001",3,4,2024-07-23
2024-07-23 12:00:00,"166,58039298791806","268,709991",3,4,2024-07-23
2024-07-23 13:00:00,"175,3442356938197","313,100006",3,4,2024-07-23
2024-07-23 14:00:00,"278,5733934797192","483,980011",3,4,2024-07-23
2024-07-23 15:00:00,"426,01229696510427","593,450012",3,4,2024-07-23
2024-07-23 16:00:00,"584,4753634587229","596,359985",3,4,2024-07-23
2024-07-23 17:00:00,"744,1335018835147","716,570007",3,4,2024-07-23
2024-07-23 18:00:00,"899,9138414654086","872,530029",3,4,2024-07-23
2024-07-23 19:00:00,"810,9916419133158","761,200012",3,4,2024-07-23
2024-07-23 20:00:00,"740,5654065310424","740,450012",3,4,2024-07-23
2024-07-23 21:00:00,"590,1319846667121","683,369995",3,4,2024-07-23
2024-07-23 22:00:00,"500,70927922184063","623,359985",3,4,2024-07-23
2024-07-23 23:00:00,"459,0530161049326","584,419983",3,4,2024-07-23
2024-07-24 00:00:00,"459,2853899044278","541,369995",3,4,2024-07-24
2024-07-24 01:00:00,"457,5505657504694","549,130005",3,4,2024-07-24
2024-07-24 02:00:00,"483,39428891942515","423,630005",3,4,2024-07-24
2024-07-24 03:00:00,"520,7425349743546","299,179993",3,4,2024-07-24
2024-07-24 04:00:00,"539,5829731398928","323,429993",3,4,2024-07-24
2024-07-24 05:00:00,"531,7249991895578","336,190002",3,4,2024-07-24
2024-07-24 06:00:00,"484,59776340076843","429,079987",3,4,2024-07-24
2024-07-24 07:00:00,"489,31101916364145","270,23999",3,4,2024-07-24
2024-07-24 08:00:00,"461,58407311655304","186,520004",3,4,2024-07-24
2024-07-24 09:00:00,"417,0434193532214","158,100006",3,4,2024-07-24
2024-07-24 10:00:00,"366,85177423165476","11,79",3,4,2024-07-24
2024-07-24 11:00:00,"318,43749897948805","-1,12",3,4,2024-07-24
2024-07-24 12:00:00,"299,02746212874126","-15,37",3,4,2024-07-24
2024-07-24 13:00:00,"306,6123008339268","-14,62",3,4,2024-07-24
2024-07-24 14:00:00,"338,31980712698845","16,49",3,4,2024-07-24
2024-07-24 15:00:00,"455,3874197505655","292,98999",3,4,2024-07-24
2024-07-24 16:00:00,"543,9894338701816","387,149994",3,4,2024-07-24
2024-07-24 17:00:00,"774,7514628651803","668,5",3,4,2024-07-24
2024-07-24 18:00:00,"1063,0119288086803","809,659973",3,4,2024-07-24
2024-07-24 19:00:00,"1041,5330255214267","881,210022",3,4,2024-07-24
2024-07-24 20:00:00,"785,1350207147714","813,320007",3,4,2024-07-24
2024-07-24 21:00:00,"642,6022143445863","631,570007",3,4,2024-07-24
2024-07-24 22:00:00,"608,5833544765455","624,570007",3,4,2024-07-24
2024-07-24 23:00:00,"503,28651207967846","578,299988",3,4,2024-07-24
2024-07-25 00:00:00,"450,15290710261644","567,859985",3,4,2024-07-25
2024-07-25 01:00:00,"435,2878607516076","596,359985",3,4,2024-07-25
2024-07-25 02:00:00,"416,35549254738237","570,090027",3,4,2024-07-25
2024-07-25 03:00:00,"429,536578346889","690,460022",3,4,2024-07-25
2024-07-25 04:00:00,"524,5363174497118","792,159973",3,4,2024-07-25
2024-07-25 05:00:00,"610,6353444872434","813,580017",3,4,2024-07-25
2024-07-25 06:00:00,"580,1087229531288","678,890015",3,4,2024-07-25
2024-07-25 07:00:00,"461,19295337120826","537,109985",3,4,2024-07-25
2024-07-25 08:00:00,"358,2546227505824","411,0",3,4,2024-07-25
2024-07-25 09:00:00,"281,5211399398661","275,720001",3,4,2024-07-25
2024-07-25 10:00:00,"212,81926252909804","181,399994",3,4,2024-07-25
2024-07-25 11:00:00,"175,88043361671004","129,539993",3,4,2024-07-25
2024-07-25 12:00:00,"164,53123993588738","99,019997",3,4,2024-07-25
2024-07-25 13:00:00,"192,44086082767924","195,5",3,4,2024-07-25
2024-07-25 14:00:00,"221,84529839238488","401,450012",3,4,2024-07-25
2024-07-25 15:00:00,"305,55414175001357","596,960022",3,4,2024-07-25
2024-07-25 16:00:00,"360,8455578133905","723,809998",3,4,2024-07-25
2024-07-25 17:00:00,"473,8146900646086","894,690002",3,4,2024-07-25
2024-07-25 18:00:00,"604,3563272944489","1106,609985",3,4,2024-07-25
2024-07-25 19:00:00,"693,5526215698621","969,830017",3,4,2024-07-25
2024-07-25 20:00:00,"746,2323191316896","746,200012",3,4,2024-07-25
2024-07-25 21:00:00,"634,477686436263","633,890015",3,4,2024-07-25
2024-07-25 22:00:00,"551,7149035509414","604,460022",3,4,2024-07-25
2024-07-25 23:00:00,"453,2382261470778","548,48999",3,4,2024-07-25
2024-07-26 00:00:00,"444,2420995741545","559,76001",3,4,2024-07-26
2024-07-26 01:00:00,"436,491736638006","576,849976",3,4,2024-07-26
2024-07-26 02:00:00,"415,4652873220404","573,859985",3,4,2024-07-26
2024-07-26 03:00:00,"410,69548905527864","596,919983",3,4,2024-07-26
2024-07-26 04:00:00,"439,305094004256","608,109985",3,4,2024-07-26
2024-07-26 05:00:00,"558,5034006065217","795,940002",3,4,2024-07-26
2024-07-26 06:00:00,"594,742062627255","776,840027",3,4,2024-07-26
2024-07-26 07:00:00,"490,7143189546751","722,590027",3,4,2024-07-26
2024-07-26 08:00:00,"414,3796970888412","675,570007",3,4,2024-07-26
2024-07-26 09:00:00,"364,88130882574495","607,070007",3,4,2024-07-26
2024-07-26 10:00:00,"309,72838070288657","522,369995",3,4,2024-07-26
2024-07-26 11:00:00,"273,53927235085024","471,029999",3,4,2024-07-26
2024-07-26 12:00:00,"262,5289048818926","449,160004",3,4,2024-07-26
2024-07-26 13:00:00,"275,7873573956125","508,48999",3,4,2024-07-26
2024-07-26 14:00:00,"340,1620951089774","543,559998",3,4,2024-07-26
2024-07-26 15:00:00,"371,4115164937455","660,580017",3,4,2024-07-26
2024-07-26 16:00:00,"505,9175387937519","704,01001",3,4,2024-07-26
2024-07-26 17:00:00,"618,314628697185","804,380005",3,4,2024-07-26
2024-07-26 18:00:00,"792,3843205748179","1068,98999",3,4,2024-07-26
2024-07-26 19:00:00,"823,9136234260567","1037,280029",3,4,2024-07-26
2024-07-26 20:00:00,"726,8751319437414","793,929993",3,4,2024-07-26
2024-07-26 21:00:00,"621,7943843159856","730,650024",3,4,2024-07-26
2024-07-26 22:00:00,"576,1605276652755","775,22998",3,4,2024-07-26
2024-07-26 23:00:00,"499,92778942515247","768,890015",3,4,2024-07-26
2024-07-27 00:00:00,"457,7535162947634","723,070007",3,4,2024-07-27
2024-07-27 01:00:00,"428,78067036327536","710,080017",3,4,2024-07-27
2024-07-27 02:00:00,"408,2815851183522","690,01001",3,4,2024-07-27
2024-07-27 03:00:00,"359,9164435460422","673,070007",3,4,2024-07-27
2024-07-27 04:00:00,"320,86651811545","649,929993",3,4,2024-07-27
2024-07-27 05:00:00,"287,5206255996215","615,01001",3,4,2024-07-27
2024-07-27 06:00:00,"208,1696855853053","632,02002",3,4,2024-07-27
2024-07-27 07:00:00,"152,13690339271372","505,0",3,4,2024-07-27
2024-07-27 08:00:00,"32,09644593008075","453,589996",3,4,2024-07-27
2024-07-27 09:00:00,"4,5118842929907705","297,76001",3,4,2024-07-27
2024-07-27 10:00:00,"-27,067594220187612","208,960007",3,4,2024-07-27
2024-07-27 11:00:00,"-52,20200162242759","132,839996",3,4,2024-07-27
2024-07-27 12:00:00,"-55,72243445574937","133,729996",3,4,2024-07-27
2024-07-27 13:00:00,"-56,754458472865196","261,350006",3,4,2024-07-27
2024-07-27 14:00:00,"-30,88675166597401","505,380005",3,4,2024-07-27
2024-07-27 15:00:00,"238,23861793606847","649,710022",3,4,2024-07-27
2024-07-27 16:00:00,"235,932223592105","783,369995",3,4,2024-07-27
2024-07-27 17:00:00,"285,47024365521446","863,140015",3,4,2024-07-27
2024-07-27 18:00:00,"415,69725940556964","908,669983",3,4,2024-07-27
2024-07-27 19:00:00,"441,6337721525844","909,109985",3,4,2024-07-27
2024-07-27 20:00:00,"439,17564624364","806,719971",3,4,2024-07-27
2024-07-27 21:00:00,"379,08536697667813","730,900024",3,4,2024-07-27
2024-07-27 22:00:00,"389,44546500574523","820,820007",3,4,2024-07-27
2024-07-27 23:00:00,"299,4204792488908","709,780029",3,4,2024-07-27
2024-07-28 00:00:00,"240,8904429356381","658,280029",3,4,2024-07-28
2024-07-28 01:00:00,"215,78959556355568","608,429993",3,4,2024-07-28
2024-07-28 02:00:00,"210,34675658347814","586,119995",3,4,2024-07-28
2024-07-28 03:00:00,"210,47249734651461","591,48999",3,4,2024-07-28
2024-07-28 04:00:00,"187,08267711286845","563,659973",3,4,2024-07-28
2024-07-28 05:00:00,"167,05126942195008","541,869995",3,4,2024-07-28
2024-07-28 06:00:00,"108,03865148730367","190,220001",3,4,2024-07-28
2024-07-28 07:00:00,"13,898075843940829","36,720001",3,4,2024-07-28
2024-07-28 08:00:00,"-9,829295267895207","0,0",3,4,2024-07-28
2024-07-28 09:00:00,"-55,97806339577814","-18,129999",3,4,2024-07-28
2024-07-28 10:00:00,"-59,86377415343503","-112,239998",3,4,2024-07-28
2024-07-28 11:00:00,"-61,96439011880002","-222,389999",3,4,2024-07-28
2024-07-28 12:00:00,"-62,91901910569914","-363,359985",3,4,2024-07-28
2024-07-28 13:00:00,"-60,38508174709209","-250,220001",3,4,2024-07-28
2024-07-28 14:00:00,"-44,189277631045655","-99,099998",3,4,2024-07-28
2024-07-28 15:00:00,"330,212694131662","-14,85",3,4,2024-07-28
2024-07-28 16:00:00,"340,47083324756767","181,570007",3,4,2024-07-28
2024-07-28 17:00:00,"350,71481911921467","443,209991",3,4,2024-07-28
2024-07-28 18:00:00,"623,6403706969214","588,580017",3,4,2024-07-28
2024-07-28 19:00:00,"575,1538738832472","579,630005",3,4,2024-07-28
2024-07-28 20:00:00,"495,4641238467942","589,400024",3,4,2024-07-28
2024-07-28 21:00:00,"495,4715932695562","566,200012",3,4,2024-07-28
2024-07-28 22:00:00,"497,0524230133175","513,659973",3,4,2024-07-28
2024-07-28 23:00:00,"505,1719182774024","508,959991",3,4,2024-07-28
2024-09-30 00:00:00,"125,29382546751134","62,630001",4,1,2024-09-30
2024-09-30 01:00:00,"174,33402132991986","41,23",4,1,2024-09-30
2024-09-30 02:00:00,"333,64702798220003","41,830002",4,1,2024-09-30
2024-09-30 03:00:00,"389,45032615271447","126,599998",4,1,2024-09-30
2024-09-30 04:00:00,"394,4981002331722","314,869995",4,1,2024-09-30
2024-09-30 05:00:00,"421,1159583999249","597,22998",4,1,2024-09-30
2024-09-30 06:00:00,"573,9661036994872","597,22998",4,1,2024-09-30
2024-09-30 07:00:00,"578,3342435668609","447,359985",4,1,2024-09-30
2024-09-30 08:00:00,"473,7421209861014","272,73999",4,1,2024-09-30
2024-09-30 09:00:00,"436,8846861156187","155,910004",4,1,2024-09-30
2024-09-30 10:00:00,"410,13967105572186","69,190002",4,1,2024-09-30
2024-09-30 11:00:00,"341,10276491708044","15,36",4,1,2024-09-30
2024-09-30 12:00:00,"318,00693681902374","56,889999",4,1,2024-09-30
2024-09-30 13:00:00,"316,3620902732016","163,740005",4,1,2024-09-30
2024-09-30 14:00:00,"295,4713102657","180,360001",4,1,2024-09-30
2024-09-30 15:00:00,"327,5345633161034","243,960007",4,1,2024-09-30
2024-09-30 16:00:00,"410,11248634309646","268,339996",4,1,2024-09-30
2024-09-30 17:00:00,"441,1006916491158","273,119995",4,1,2024-09-30
2024-09-30 18:00:00,"398,80309269449407","270,660004",4,1,2024-09-30
2024-09-30 19:00:00,"307,9591970038425","163,509995",4,1,2024-09-30
2024-09-30 20:00:00,"270,1109602483666","149,199997",4,1,2024-09-30
2024-09-30 21:00:00,"261,1718499945363","73,370003",4,1,2024-09-30
2024-09-30 22:00:00,"253,83116576247764","23,93",4,1,2024-09-30
2024-09-30 23:00:00,"240,94751012825245","0,52",4,1,2024-09-30
2024-10-01 00:00:00,"198,45057767958423","0,37",4,1,2024-10-01
2024-10-01 01:00:00,"194,7884271221997","0,15",4,1,2024-10-01
2024-10-01 02:00:00,"194,02638902166456","0,67",4,1,2024-10-01
2024-10-01 03:00:00,"193,61807122235535","50,700001",4,1,2024-10-01
2024-10-01 04:00:00,"219,06307869588625","249,619995",4,1,2024-10-01
2024-10-01 05:00:00,"285,8850699718692","293,910004",4,1,2024-10-01
2024-10-01 06:00:00,"359,3550301152875","308,079987",4,1,2024-10-01
2024-10-01 07:00:00,"380,6720996151861","309,5",4,1,2024-10-01
2024-10-01 08:00:00,"307,20150908805203","288,170013",4,1,2024-10-01
2024-10-01 09:00:00,"256,2803479321356","260,880005",4,1,2024-10-01
2024-10-01 10:00:00,"217,22199997910917","260,660004",4,1,2024-10-01
2024-10-01 11:00:00,"211,3448179319877","260,880005",4,1,2024-10-01
2024-10-01 12:00:00,"190,55585201512073","260,660004",4,1,2024-10-01
2024-10-01 13:00:00,"201,69332375231036","296,079987",4,1,2024-10-01
2024-10-01 14:00:00,"209,38642027925547","324,779999",4,1,2024-10-01
2024-10-01 15:00:00,"250,7768075407835","393,0",4,1,2024-10-01
2024-10-01 16:00:00,"333,4680569819796","405,600006",4,1,2024-10-01
2024-10-01 17:00:00,"348,1804495261879","421,410004",4,1,2024-10-01
2024-10-01 18:00:00,"320,09070408375965","366,829987",4,1,2024-10-01
2024-10-01 19:00:00,"302,11112327667354","345,429993",4,1,2024-10-01
2024-10-01 20:00:00,"279,0891797376964","321,649994",4,1,2024-10-01
2024-10-01 21:00:00,"274,5993955018941","309,940002",4,1,2024-10-01
2024-10-01 22:00:00,"255,9674467889456","432,829987",4,1,2024-10-01
2024-10-01 23:00:00,"220,8352700283544","367,350006",4,1,2024-10-01
2024-10-02 00:00:00,"217,1389404170217","373,540009",4,1,2024-10-02
2024-10-02 01:00:00,"213,1664306681257","365,339996",4,1,2024-10-02
2024-10-02 02:00:00,"221,4284456707824","362,730011",4,1,2024-10-02
2024-10-02 03:00:00,"232,2254590839177","363,470001",4,1,2024-10-02
2024-10-02 04:00:00,"266,9911008063506","596,440002",4,1,2024-10-02
2024-10-02 05:00:00,"329,3844376627668","692,869995",4,1,2024-10-02
2024-10-02 06:00:00,"361,2677266471037","913,830017",4,1,2024-10-02
2024-10-02 07:00:00,"308,47239754702946","701,219971",4,1,2024-10-02
2024-10-02 08:00:00,"272,94207092080933","484,880005",4,1,2024-10-02
2024-10-02 09:00:00,"240,62232986803792","394,420013",4,1,2024-10-02
2024-10-02 10:00:00,"198,59355500646728","431,040009",4,1,2024-10-02
2024-10-02 11:00:00,"163,4475290285536","597,109985",4,1,2024-10-02
2024-10-02 12:00:00,"175,75210850787923","584,659973",4,1,2024-10-02
2024-10-02 13:00:00,"213,31169469544878","607,26001",4,1,2024-10-02
2024-10-02 14:00:00,"234,97013975807948","607,849976",4,1,2024-10-02
2024-10-02 15:00:00,"317,44710284963685","746,48999",4,1,2024-10-02
2024-10-02 16:00:00,"341,6777967346106","872,590027",4,1,2024-10-02
2024-10-02 17:00:00,"371,34226080204377","969,97998",4,1,2024-10-02
2024-10-02 18:00:00,"388,65437547984965","852,900024",4,1,2024-10-02
2024-10-02 19:00:00,"353,9929974857088","719,940002",4,1,2024-10-02
2024-10-02 20:00:00,"344,27351885423843","695,780029",4,1,2024-10-02
2024-10-02 21:00:00,"327,365362790182","633,880005",4,1,2024-10-02
2024-10-02 22:00:00,"325,4950792547319","502,230011",4,1,2024-10-02
2024-10-02 23:00:00,"324,8090190478868","491,26001",4,1,2024-10-02
2024-10-03 00:00:00,"324,58540799301124","485,890015",4,1,2024-10-03
2024-10-03 01:00:00,"322,06987053993265","478,730011",4,1,2024-10-03
2024-10-03 02:00:00,"324,4101409259952","477,23999",4,1,2024-10-03
2024-10-03 03:00:00,"326,0242851527371","480,369995",4,1,2024-10-03
2024-10-03 04:00:00,"330,9559966286204","488,059998",4,1,2024-10-03
2024-10-03 05:00:00,"343,16985356593597","547,280029",4,1,2024-10-03
2024-10-03 06:00:00,"343,5728208948517","571,900024",4,1,2024-10-03
2024-10-03 07:00:00,"341,00853144149323","543,780029",4,1,2024-10-03
2024-10-03 08:00:00,"313,2418408621318","516,77002",4,1,2024-10-03
2024-10-03 09:00:00,"302,3483880262867","470,230011",4,1,2024-10-03
2024-10-03 10:00:00,"244,12881841970307","351,25",4,1,2024-10-03
2024-10-03 11:00:00,"207,9635669869892","253,460007",4,1,2024-10-03
2024-10-03 12:00:00,"214,09225446268775","291,950012",4,1,2024-10-03
2024-10-03 13:00:00,"263,5216162283856","383,109985",4,1,2024-10-03
2024-10-03 14:00:00,"301,0685437287528","492,609985",4,1,2024-10-03
2024-10-03 15:00:00,"331,4782400840792","669,090027",4,1,2024-10-03
2024-10-03 16:00:00,"339,51943325309185","821,039978",4,1,2024-10-03
2024-10-03 17:00:00,"352,5196937104304","860,200012",4,1,2024-10-03
2024-10-03 18:00:00,"359,06426824052915","807,679993",4,1,2024-10-03
2024-10-03 19:00:00,"347,43370181698015","736,669983",4,1,2024-10-03
2024-10-03 20:00:00,"339,89625252390806","678,48999",4,1,2024-10-03
2024-10-03 21:00:00,"328,49144151115894","607,630005",4,1,2024-10-03
2024-10-03 22:00:00,"308,6371612176434","551,23999",4,1,2024-10-03
2024-10-03 23:00:00,"272,3167854652969","540,950012",4,1,2024-10-03
2024-10-04 00:00:00,"237,2729715556883","537,809998",4,1,2024-10-04
2024-10-04 01:00:00,"237,8069749288992","537,070007",4,1,2024-10-04
2024-10-04 02:00:00,"237,9729115963466","539,530029",4,1,2024-10-04
2024-10-04 03:00:00,"237,24201543713636","575,109985",4,1,2024-10-04
2024-10-04 04:00:00,"241,60769815036178","768,299988",4,1,2024-10-04
2024-10-04 05:00:00,"307,5100138284425","943,890015",4,1,2024-10-04
2024-10-04 06:00:00,"451,3988928779473","1054,890015",4,1,2024-10-04
2024-10-04 07:00:00,"486,8255405072847","867,289978",4,1,2024-10-04
2024-10-04 08:00:00,"403,1974741715842","746,599976",4,1,2024-10-04
2024-10-04 09:00:00,"239,4340240185078","634,039978",4,1,2024-10-04
2024-10-04 10:00:00,"210,10629331711866","559,969971",4,1,2024-10-04
2024-10-04 11:00:00,"160,46006576139467","548,179993",4,1,2024-10-04
2024-10-04 12:00:00,"150,8624317410105","565,559998",4,1,2024-10-04
2024-10-04 13:00:00,"178,10379006011448","589,799988",4,1,2024-10-04
2024-10-04 14:00:00,"228,53156719985182","669,840027",4,1,2024-10-04
2024-10-04 15:00:00,"289,8367718793264","798,890015",4,1,2024-10-04
2024-10-04 16:00:00,"324,07332462551386","984,400024",4,1,2024-10-04
2024-10-04 17:00:00,"340,3680662939521","1111,579956",4,1,2024-10-04
2024-10-04 18:00:00,"339,0183511028879","922,710022",4,1,2024-10-04
2024-10-04 19:00:00,"327,1251092137814","745,179993",4,1,2024-10-04
2024-10-04 20:00:00,"317,9777687901499","745,179993",4,1,2024-10-04
2024-10-04 21:00:00,"303,674037650368","671,330017",4,1,2024-10-04
2024-10-04 22:00:00,"295,907694754397","694,340027",4,1,2024-10-04
2024-10-04 23:00:00,"271,73364496312405","631,23999",4,1,2024-10-04
2024-10-05 00:00:00,"240,5689579610492","607,080017",4,1,2024-10-05
2024-10-05 01:00:00,"238,44460023518357","563,380005",4,1,2024-10-05
2024-10-05 02:00:00,"241,74363503504026","564,719971",4,1,2024-10-05
2024-10-05 03:00:00,"242,3153695961645","595,299988",4,1,2024-10-05
2024-10-05 04:00:00,"252,3280554124625","642,880005",4,1,2024-10-05
2024-10-05 05:00:00,"277,7621012763739","748,780029",4,1,2024-10-05
2024-10-05 06:00:00,"291,35545359994546","825,0",4,1,2024-10-05
2024-10-05 07:00:00,"271,0795710554691","768,169983",4,1,2024-10-05
2024-10-05 08:00:00,"161,04810714781667","614,690002",4,1,2024-10-05
2024-10-05 09:00:00,"42,22995347068604","509,160004",4,1,2024-10-05
2024-10-05 10:00:00,"7,896545598119482","383,640015",4,1,2024-10-05
2024-10-05 11:00:00,"4,477822369482223","289,970001",4,1,2024-10-05
2024-10-05 12:00:00,"0,5288282494440698","324,350006",4,1,2024-10-05
2024-10-05 13:00:00,"4,762549727647535","418,839996",4,1,2024-10-05
2024-10-05 14:00:00,"117,59963792550941","544,280029",4,1,2024-10-05
2024-10-05 15:00:00,"185,34020542412196","690,23999",4,1,2024-10-05
2024-10-05 16:00:00,"310,15319082050314","1029,719971",4,1,2024-10-05
2024-10-05 17:00:00,"327,5413070529338","1028,97998",4,1,2024-10-05
2024-10-05 18:00:00,"324,43538101545914","799,719971",4,1,2024-10-05
2024-10-05 19:00:00,"322,1276963784152","705,299988",4,1,2024-10-05
2024-10-05 20:00:00,"320,6174382989444","633,710022",4,1,2024-10-05
2024-10-05 21:00:00,"322,63872504489876","499,690002",4,1,2024-10-05
2024-10-05 22:00:00,"318,71545999321495","485,420013",4,1,2024-10-05
2024-10-05 23:00:00,"317,8060086244261","452,100006",4,1,2024-10-05
2024-10-06 00:00:00,"324,7876759320072","440,549988",4,1,2024-10-06
2024-10-06 01:00:00,"326,77406756904077","433,320007",4,1,2024-10-06
2024-10-06 02:00:00,"330,7794578539282","424,369995",4,1,2024-10-06
2024-10-06 03:00:00,"338,84540978389043","433,320007",4,1,2024-10-06
2024-10-06 04:00:00,"335,9555474123891","431,829987",4,1,2024-10-06
2024-10-06 05:00:00,"340,5290981069031","524,929993",4,1,2024-10-06
2024-10-06 06:00:00,"328,06209320326343","491,01001",4,1,2024-10-06
2024-10-06 07:00:00,"291,94463676062975","447,700012",4,1,2024-10-06
2024-10-06 08:00:00,"100,18044284615142","262,98999",4,1,2024-10-06
2024-10-06 09:00:00,"36,977297917057655","124,339996",4,1,2024-10-06
2024-10-06 10:00:00,"24,719792185540356","79,690002",4,1,2024-10-06
2024-10-06 11:00:00,"5,362685075157298","41,889999",4,1,2024-10-06
2024-10-06 12:00:00,"5,032918990402954","16,25",4,1,2024-10-06
2024-10-06 13:00:00,"31,41875864245866","13,34",4,1,2024-10-06
2024-10-06 14:00:00,"223,6224862545961","395,820007",4,1,2024-10-06
2024-10-06 15:00:00,"343,8071464631572","617,070007",4,1,2024-10-06
2024-10-06 16:00:00,"444,001377610483","792,390015",4,1,2024-10-06
2024-10-06 17:00:00,"522,5082651628555","724,710022",4,1,2024-10-06
2024-10-06 18:00:00,"606,0321414188895","544,01001",4,1,2024-10-06
2024-10-06 19:00:00,"630,218066008484","442,559998",4,1,2024-10-06
2024-10-06 20:00:00,"625,5185984572728","437,48999",4,1,2024-10-06
2024-10-06 21:00:00,"539,8969870953573","385,459991",4,1,2024-10-06
2024-10-06 22:00:00,"484,476140778849","257,769989",4,1,2024-10-06
2024-10-06 23:00:00,"444,7708486668032","263,429993",4,1,2024-10-06
2024-10-07 00:00:00,"258,0400906912524","247,850006",4,2,2024-10-07
2024-10-07 01:00:00,"248,1532446604664","224,75",4,2,2024-10-07
2024-10-07 02:00:00,"239,6700094372168","260,529999",4,2,2024-10-07
2024-10-07 03:00:00,"262,70421017773117","291,910004",4,2,2024-10-07
2024-10-07 04:00:00,"294,9879870067337","335,369995",4,2,2024-10-07
2024-10-07 05:00:00,"399,7712552722436","378,299988",4,2,2024-10-07
2024-10-07 06:00:00,"566,0546612214719","414,089996",4,2,2024-10-07
2024-10-07 07:00:00,"490,45970093305294","383,75",4,2,2024-10-07
2024-10-07 08:00:00,"447,73561935342326","372,420013",4,2,2024-10-07
2024-10-07 09:00:00,"452,51018005963124","356,309998",4,2,2024-10-07
2024-10-07 10:00:00,"441,5799844184083","340,880005",4,2,2024-10-07
2024-10-07 11:00:00,"365,2317780737379","322,019989",4,2,2024-10-07
2024-10-07 12:00:00,"255,51868790455225","358,399994",4,2,2024-10-07
2024-10-07 13:00:00,"265,5540659929339","458,070007",4,2,2024-10-07
2024-10-07 14:00:00,"272,2831428682146","661,869995",4,2,2024-10-07
2024-10-07 15:00:00,"307,11908980748393","873,640015",4,2,2024-10-07
2024-10-07 16:00:00,"337,67732252625655","1405,060059",4,2,2024-10-07
2024-10-07 17:00:00,"329,935538918631","1405,359985",4,2,2024-10-07
2024-10-07 18:00:00,"312,2088949289208","909,27002",4,2,2024-10-07
2024-10-07 19:00:00,"283,0077213923734","744,909973",4,2,2024-10-07
2024-10-07 20:00:00,"268,0430821139634","685,119995",4,2,2024-10-07
2024-10-07 21:00:00,"236,08006290352176","589,780029",4,2,2024-10-07
2024-10-07 22:00:00,"220,9310115388081","539,340027",4,2,2024-10-07
2024-10-07 23:00:00,"210,36889229812496","500,119995",4,2,2024-10-07
2024-10-08 00:00:00,"220,3934771398833","477,149994",4,2,2024-10-08
2024-10-08 01:00:00,"211,2419263144107","444,940002",4,2,2024-10-08
2024-10-08 02:00:00,"238,89434162293793","445,089996",4,2,2024-10-08
2024-10-08 03:00:00,"258,4632151603892","502,799988",4,2,2024-10-08
2024-10-08 04:00:00,"307,0590479949505","641,049988",4,2,2024-10-08
2024-10-08 05:00:00,"335,34960030633573","822,98999",4,2,2024-10-08
2024-10-08 06:00:00,"378,0868720529885","792,200012",4,2,2024-10-08
2024-10-08 07:00:00,"366,8501057237962","633,820007",4,2,2024-10-08
2024-10-08 08:00:00,"325,8173343966946","598,98999",4,2,2024-10-08
2024-10-08 09:00:00,"310,53276536502074","547,469971",4,2,2024-10-08
2024-10-08 10:00:00,"294,15225051223456","495,940002",4,2,2024-10-08
2024-10-08 11:00:00,"288,0645405687398","529,200012",4,2,2024-10-08
2024-10-08 12:00:00,"267,83531669682026","565,140015",4,2,2024-10-08
2024-10-08 13:00:00,"297,38638541269484","578,119995",4,2,2024-10-08
2024-10-08 14:00:00,"314,778514808205","694,440002",4,2,2024-10-08
2024-10-08 15:00:00,"385,7641822927693","850,059998",4,2,2024-10-08
2024-10-08 16:00:00,"504,2651360772609","1073,76001",4,2,2024-10-08
2024-10-08 17:00:00,"581,5671583307808","1141,540039",4,2,2024-10-08
2024-10-08 18:00:00,"641,4744666949061","853,119995",4,2,2024-10-08
2024-10-08 19:00:00,"602,8481017892663","707,640015",4,2,2024-10-08
2024-10-08 20:00:00,"595,9945788172088","645,75",4,2,2024-10-08
2024-10-08 21:00:00,"534,059839552621","504,070007",4,2,2024-10-08
2024-10-08 22:00:00,"541,0665703914883","461,859985",4,2,2024-10-08
2024-10-08 23:00:00,"489,87336624133246","447,459991",4,2,2024-10-08
2024-10-09 00:00:00,"477,7133128184938","428,670013",4,2,2024-10-09
2024-10-09 01:00:00,"476,0390734763592","405,100006",4,2,2024-10-09
2024-10-09 02:00:00,"503,84465332578117","427,480011",4,2,2024-10-09
2024-10-09 03:00:00,"541,8334801009782","476,329987",4,2,2024-10-09
2024-10-09 04:00:00,"667,6039111389581","646,590027",4,2,2024-10-09
2024-10-09 05:00:00,"729,1690949531368","826,320007",4,2,2024-10-09
2024-10-09 06:00:00,"722,1222746228907","827,659973",4,2,2024-10-09
2024-10-09 07:00:00,"709,384085776537","648,820007",4,2,2024-10-09
2024-10-09 08:00:00,"568,8328099754802","537,630005",4,2,2024-10-09
2024-10-09 09:00:00,"437,02549881594575","446,720001",4,2,2024-10-09
2024-10-09 10:00:00,"265,8936968201317","445,970001",4,2,2024-10-09
2024-10-09 11:00:00,"224,9809560592039","446,350006",4,2,2024-10-09
2024-10-09 12:00:00,"239,0057354814136","504,369995",4,2,2024-10-09
2024-10-09 13:00:00,"277,6663613730028","575,51001",4,2,2024-10-09
2024-10-09 14:00:00,"318,5010509005751","708,48999",4,2,2024-10-09
2024-10-09 15:00:00,"386,9131274099572","875,909973",4,2,2024-10-09
2024-10-09 16:00:00,"396,1743270764745","913,799988",4,2,2024-10-09
2024-10-09 17:00:00,"411,54208752871045","948,030029",4,2,2024-10-09
2024-10-09 18:00:00,"451,25717809241405","828,179993",4,2,2024-10-09
2024-10-09 19:00:00,"525,3435697288348","714,450012",4,2,2024-10-09
2024-10-09 20:00:00,"597,254410765319","709,22998",4,2,2024-10-09
2024-10-09 21:00:00,"573,8217298863589","614,070007",4,2,2024-10-09
2024-10-09 22:00:00,"497,405256723853","456,399994",4,2,2024-10-09
2024-10-09 23:00:00,"483,08086820288986","349,73999",4,2,2024-10-09
2024-10-10 00:00:00,"472,31188453166817","281,559998",4,2,2024-10-10
2024-10-10 01:00:00,"464,59170744112305","238,679993",4,2,2024-10-10
2024-10-10 02:00:00,"460,89238045089695","221,070007",4,2,2024-10-10
2024-10-10 03:00:00,"488,2489429029021","295,359985",4,2,2024-10-10
2024-10-10 04:00:00,"562,2778574416278","463,179993",4,2,2024-10-10
2024-10-10 05:00:00,"675,887351825401","633,23999",4,2,2024-10-10
2024-10-10 06:00:00,"670,7244598796922","600,119995",4,2,2024-10-10
2024-10-10 07:00:00,"571,8823842081086","503,459991",4,2,2024-10-10
2024-10-10 08:00:00,"457,736131492458","387,920013",4,2,2024-10-10
2024-10-10 09:00:00,"356,70413786275327","290,369995",4,2,2024-10-10
2024-10-10 10:00:00,"184,2587171936565","163,270004",4,2,2024-10-10
2024-10-10 11:00:00,"126,45020820351097","118,889999",4,2,2024-10-10
2024-10-10 12:00:00,"131,9327099298858","149,25",4,2,2024-10-10
2024-10-10 13:00:00,"216,59677402289006","277,309998",4,2,2024-10-10
2024-10-10 14:00:00,"275,1553816735362","277,309998",4,2,2024-10-10
2024-10-10 15:00:00,"311,4585462445412","285,140015",4,2,2024-10-10
2024-10-10 16:00:00,"346,1147305575362","294,470001",4,2,2024-10-10
2024-10-10 17:00:00,"376,3636994514233","288,200012",4,2,2024-10-10
2024-10-10 18:00:00,"395,82058377861364","274,630005",4,2,2024-10-10
2024-10-10 19:00:00,"343,2253530321215","263,890015",4,2,2024-10-10
2024-10-10 20:00:00,"320,2556051727578","223,759995",4,2,2024-10-10
2024-10-10 21:00:00,"299,80073847373535","236,289993",4,2,2024-10-10
2024-10-10 22:00:00,"274,483108848433","258,890015",4,2,2024-10-10
2024-10-10 23:00:00,"239,53161977029035","258,959991",4,2,2024-10-10
2024-10-11 00:00:00,"226,5447812733426","261,720001",4,2,2024-10-11
2024-10-11 01:00:00,"215,41727251995434","267,609985",4,2,2024-10-11
2024-10-11 02:00:00,"215,7555888558837","267,839996",4,2,2024-10-11
2024-10-11 03:00:00,"213,45471962407169","274,179993",4,2,2024-10-11
2024-10-11 04:00:00,"217,27814020051414","308,190002",4,2,2024-10-11
2024-10-11 05:00:00,"451,96952508186826","439,230011",4,2,2024-10-11
2024-10-11 06:00:00,"525,7225994068635","593,919983",4,2,2024-10-11
2024-10-11 07:00:00,"506,1891692243913","400,670013",4,2,2024-10-11
2024-10-11 08:00:00,"394,26867274407965","367,859985",4,2,2024-10-11
2024-10-11 09:00:00,"230,49949953803522","324,970001",4,2,2024-10-11
2024-10-11 10:00:00,"188,90471446944747","316,470001",4,2,2024-10-11
2024-10-11 11:00:00,"157,1342478685299","310,200012",4,2,2024-10-11
2024-10-11 12:00:00,"162,69720366207716","299,309998",4,2,2024-10-11
2024-10-11 13:00:00,"197,6643744294233","298,119995",4,2,2024-10-11
2024-10-11 14:00:00,"222,42872904747153","298,859985",4,2,2024-10-11
2024-10-11 15:00:00,"285,7003552421002","496,660004",4,2,2024-10-11
2024-10-11 16:00:00,"426,1230644875552","939,330017",4,2,2024-10-11
2024-10-11 17:00:00,"520,6746040995966","1208,060059",4,2,2024-10-11
2024-10-11 18:00:00,"446,9286309406734","895,02002",4,2,2024-10-11
2024-10-11 19:00:00,"455,8330158260423","744,289978",4,2,2024-10-11
2024-10-11 20:00:00,"478,9429727762758","733,98999",4,2,2024-10-11
2024-10-11 21:00:00,"479,45987852206076","655,080017",4,2,2024-10-11
2024-10-11 22:00:00,"446,7353820287151","672,190002",4,2,2024-10-11
2024-10-11 23:00:00,"421,7813212993128","592,580017",4,2,2024-10-11
2024-10-12 00:00:00,"358,3906993203957","563,929993",4,2,2024-10-12
2024-10-12 01:00:00,"280,6718678549807","559,75",4,2,2024-10-12
2024-10-12 02:00:00,"268,05246525763175","536,619995",4,2,2024-10-12
2024-10-12 03:00:00,"263,28371291875885","506,619995",4,2,2024-10-12
2024-10-12 04:00:00,"274,7301432805187","534,460022",4,2,2024-10-12
2024-10-12 05:00:00,"299,48022273290417","400,149994",4,2,2024-10-12
2024-10-12 06:00:00,"301,9260831456071","378,359985",4,2,2024-10-12
2024-10-12 07:00:00,"267,85001908670336","310,910004",4,2,2024-10-12
2024-10-12 08:00:00,"221,4905193386181","263,390015",4,2,2024-10-12
2024-10-12 09:00:00,"173,0714772980356","255,770004",4,2,2024-10-12
2024-10-12 10:00:00,"127,28757727281747","184,970001",4,2,2024-10-12
2024-10-12 11:00:00,"101,95449853885022","106,919998",4,2,2024-10-12
2024-10-12 12:00:00,"104,20089209639217","174,149994",4,2,2024-10-12
2024-10-12 13:00:00,"117,42635736281701","263,459991",4,2,2024-10-12
2024-10-12 14:00:00,"161,5771583921656","218,990005",4,2,2024-10-12
2024-10-12 15:00:00,"291,9164727502621","423,799988",4,2,2024-10-12
2024-10-12 16:00:00,"305,6635564057548","361,950012",4,2,2024-10-12
2024-10-12 17:00:00,"324,4196549983885","299,049988",4,2,2024-10-12
2024-10-12 18:00:00,"308,46273640642937","289,350006",4,2,2024-10-12
2024-10-12 19:00:00,"303,70738086077296","288,309998",4,2,2024-10-12
2024-10-12 20:00:00,"301,9215679091943","260,179993",4,2,2024-10-12
2024-10-12 21:00:00,"319,76361673716923","189,289993",4,2,2024-10-12
2024-10-12 22:00:00,"305,53760323192995","0,0",4,2,2024-10-12
2024-10-12 23:00:00,"300,11215190751494","-0,07",4,2,2024-10-12
2024-10-13 00:00:00,"316,76269856036663","-0,52",4,2,2024-10-13
2024-10-13 01:00:00,"323,51962763636874","-2,76",4,2,2024-10-13
2024-10-13 02:00:00,"342,10973302814614","-3,81",4,2,2024-10-13
2024-10-13 03:00:00,"376,3097547872034","-0,67",4,2,2024-10-13
2024-10-13 04:00:00,"408,3328794181278","-0,07",4,2,2024-10-13
2024-10-13 05:00:00,"420,0579949432665","12,83",4,2,2024-10-13
2024-10-13 06:00:00,"456,420713606695","134,0",4,2,2024-10-13
2024-10-13 07:00:00,"453,89150344277965","73,489998",4,2,2024-10-13
2024-10-13 08:00:00,"178,78813065265365","36,630001",4,2,2024-10-13
2024-10-13 09:00:00,"76,67044557986662","46,330002",4,2,2024-10-13
2024-10-13 10:00:00,"45,91937237655711","47,599998",4,2,2024-10-13
2024-10-13 11:00:00,"12,303825427479751","52,970001",4,2,2024-10-13
2024-10-13 12:00:00,"10,31879531656949","59,09",4,2,2024-10-13
2024-10-13 13:00:00,"33,52238949769257","94,610001",4,2,2024-10-13
2024-10-13 14:00:00,"248,03417973139855","118,260002",4,2,2024-10-13
2024-10-13 15:00:00,"378,4636625038703","166,009995",4,2,2024-10-13
2024-10-13 16:00:00,"497,1494504677055","267,329987",4,2,2024-10-13
2024-10-13 17:00:00,"481,5362161312436","403,269989",4,2,2024-10-13
2024-10-13 18:00:00,"454,13588187404525","294,790009",4,2,2024-10-13
2024-10-13 19:00:00,"424,27596611896263","286,730011",4,2,2024-10-13
2024-10-13 20:00:00,"443,113131011059","299,410004",4,2,2024-10-13
2024-10-13 21:00:00,"412,72430248839794","274,640015",4,2,2024-10-13
2024-10-13 22:00:00,"325,3736633617015","276,809998",4,2,2024-10-13
2024-10-13 23:00:00,"255,97096668925616","263,0",4,2,2024-10-13
2024-10-14 00:00:00,"221,3992526630054","262,410004",4,3,2024-10-14
2024-10-14 01:00:00,"200,41977265278038","256,359985",4,3,2024-10-14
2024-10-14 02:00:00,"223,26806828756492","293,450012",4,3,2024-10-14
2024-10-14 03:00:00,"236,94260147991994","464,079987",4,3,2024-10-14
2024-10-14 04:00:00,"290,31743898302733","736,710022",4,3,2024-10-14
2024-10-14 05:00:00,"380,5173764358561","973,900024",4,3,2024-10-14
2024-10-14 06:00:00,"425,8964605929853","1142,449951",4,3,2024-10-14
2024-10-14 07:00:00,"417,48759557382857","879,960022",4,3,2024-10-14
2024-10-14 08:00:00,"400,7023367678937","753,200012",4,3,2024-10-14
2024-10-14 09:00:00,"277,29523184995224","695,599976",4,3,2024-10-14
2024-10-14 10:00:00,"260,98941117207744","643,450012",4,3,2024-10-14
2024-10-14 11:00:00,"246,98320797283108","616,289978",4,3,2024-10-14
2024-10-14 12:00:00,"246,98537346280318","553,320007",4,3,2024-10-14
2024-10-14 13:00:00,"266,4676544576788","649,710022",4,3,2024-10-14
2024-10-14 14:00:00,"279,7572311707925","789,309998",4,3,2024-10-14
2024-10-14 15:00:00,"295,4216486680331","1182,660034",4,3,2024-10-14
2024-10-14 16:00:00,"325,21223091461786","1865,280029",4,3,2024-10-14
2024-10-14 17:00:00,"324,6848189368042","1964,290039",4,3,2024-10-14
2024-10-14 18:00:00,"315,762111409496","1178,859985",4,3,2024-10-14
2024-10-14 19:00:00,"305,7284937373083","851,460022",4,3,2024-10-14
2024-10-14 20:00:00,"289,0163956887078","743,580017",4,3,2024-10-14
2024-10-14 21:00:00,"268,9944952794059","707,309998",4,3,2024-10-14
2024-10-14 22:00:00,"238,80330068756882","680,679993",4,3,2024-10-14
2024-10-14 23:00:00,"235,5805627392066","645,320007",4,3,2024-10-14
2024-10-15 00:00:00,"238,30559331498782","659,190002",4,3,2024-10-15
2024-10-15 01:00:00,"236,3389332957418","627,039978",4,3,2024-10-15
2024-10-15 02:00:00,"244,70927539503592","602,859985",4,3,2024-10-15
2024-10-15 03:00:00,"269,09935041538284","667,849976",4,3,2024-10-15
2024-10-15 04:00:00,"308,0766479601487","854,530029",4,3,2024-10-15
2024-10-15 05:00:00,"330,8209249191378","1383,22998",4,3,2024-10-15
2024-10-15 06:00:00,"420,8771835572791","1317,719971",4,3,2024-10-15
2024-10-15 07:00:00,"499,33010281127565","824,76001",4,3,2024-10-15
2024-10-15 08:00:00,"540,3403011623277","692,02002",4,3,2024-10-15
2024-10-15 09:00:00,"563,0247240295615","619,650024",4,3,2024-10-15
2024-10-15 10:00:00,"492,4392643109505","585,47998",4,3,2024-10-15
2024-10-15 11:00:00,"485,1271053995343","535,340027",4,3,2024-10-15
2024-10-15 12:00:00,"485,2666621608182","566,299988",4,3,2024-10-15
2024-10-15 13:00:00,"532,8702140461357","621,960022",4,3,2024-10-15
2024-10-15 14:00:00,"671,5112486781027","664,27002",4,3,2024-10-15
2024-10-15 15:00:00,"753,8780518520334","900,48999",4,3,2024-10-15
2024-10-15 16:00:00,"853,7503805315278","1020,609985",4,3,2024-10-15
2024-10-15 17:00:00,"994,5894694063717","726,049988",4,3,2024-10-15
2024-10-15 18:00:00,"818,887393661906","568,98999",4,3,2024-10-15
2024-10-15 19:00:00,"665,1667779807973","497,290009",4,3,2024-10-15
2024-10-15 20:00:00,"614,9111343002149","445,059998",4,3,2024-10-15
2024-10-15 21:00:00,"493,9453536221431","304,269989",4,3,2024-10-15
2024-10-15 22:00:00,"479,23258212447143","174,210007",4,3,2024-10-15
2024-10-15 23:00:00,"451,4815607510076","95,5",4,3,2024-10-15
2024-10-16 00:00:00,"426,5189142611292","39,540001",4,3,2024-10-16
2024-10-16 01:00:00,"381,75559601990426","26,93",4,3,2024-10-16
2024-10-16 02:00:00,"293,9579703845278","23,58",4,3,2024-10-16
2024-10-16 03:00:00,"296,43189557611737","61,18",4,3,2024-10-16
2024-10-16 04:00:00,"300,9842259752439","301,049988",4,3,2024-10-16
2024-10-16 05:00:00,"417,97263803077243","353,720001",4,3,2024-10-16
2024-10-16 06:00:00,"499,36542261147565","406,23999",4,3,2024-10-16
2024-10-16 07:00:00,"439,1282365889825","354,76001",4,3,2024-10-16
2024-10-16 08:00:00,"396,2588631617465","199,059998",4,3,2024-10-16
2024-10-16 09:00:00,"285,7555246605032","105,650002",4,3,2024-10-16
2024-10-16 10:00:00,"271,81129648510426","30,51",4,3,2024-10-16
2024-10-16 11:00:00,"272,14107899041386","15,22",4,3,2024-10-16
2024-10-16 12:00:00,"273,22450160467463","29,84",4,3,2024-10-16
2024-10-16 13:00:00,"301,8728136719754","105,800003",4,3,2024-10-16
2024-10-16 14:00:00,"324,10395603468265","246,210007",4,3,2024-10-16
2024-10-16 15:00:00,"370,8177262203372","263,0",4,3,2024-10-16
2024-10-16 16:00:00,"347,4710346067744","277,470001",4,3,2024-10-16
2024-10-16 17:00:00,"346,3600770921286","272,470001",4,3,2024-10-16
2024-10-16 18:00:00,"329,766055381757","267,470001",4,3,2024-10-16
2024-10-16 19:00:00,"318,47251066280285","257,619995",4,3,2024-10-16
2024-10-16 20:00:00,"316,50434357781216","242,029999",4,3,2024-10-16
2024-10-16 21:00:00,"318,7290339658752","198,009995",4,3,2024-10-16
2024-10-16 22:00:00,"316,9864327895782","127,129997",4,3,2024-10-16
2024-10-16 23:00:00,"300,0385521849678","90,650002",4,3,2024-10-16
2024-10-17 00:00:00,"289,3517033543827","78,190002",4,3,2024-10-17
2024-10-17 01:00:00,"278,65351178780486","41,860001",4,3,2024-10-17
2024-10-17 02:00:00,"276,24832447047834","74,68",4,3,2024-10-17
2024-10-17 03:00:00,"301,8084635691878","216,139999",4,3,2024-10-17
2024-10-17 04:00:00,"325,8993551256224","261,730011",4,3,2024-10-17
2024-10-17 05:00:00,"403,02282601645396","298,660004",4,3,2024-10-17
2024-10-17 06:00:00,"408,3881977571446","306,790009",4,3,2024-10-17
2024-10-17 07:00:00,"405,33610202497096","301,869995",4,3,2024-10-17
2024-10-17 08:00:00,"320,22081772521796","286,940002",4,3,2024-10-17
2024-10-17 09:00:00,"278,5319650944637","287,089996",4,3,2024-10-17
2024-10-17 10:00:00,"215,43565945022203","290,670013",4,3,2024-10-17
2024-10-17 11:00:00,"156,3589418325918","305,299988",4,3,2024-10-17
2024-10-17 12:00:00,"179,9895453080797","322,980011",4,3,2024-10-17
2024-10-17 13:00:00,"265,4954249705454","474,140015",4,3,2024-10-17
2024-10-17 14:00:00,"310,9652767761479","691,469971",4,3,2024-10-17
2024-10-17 15:00:00,"309,3919473226438","893,059998",4,3,2024-10-17
2024-10-17 16:00:00,"347,0507320554382","1292,290039",4,3,2024-10-17
2024-10-17 17:00:00,"364,3039458337576","1275,810059",4,3,2024-10-17
2024-10-17 18:00:00,"410,8012275487329","876,650024",4,3,2024-10-17
2024-10-17 19:00:00,"393,2250362822978","729,75",4,3,2024-10-17
2024-10-17 20:00:00,"326,56791524752794","664,390015",4,3,2024-10-17
2024-10-17 21:00:00,"312,16663028629375","613,359985",4,3,2024-10-17
2024-10-17 22:00:00,"288,3373464125766","603,929993",4,3,2024-10-17
2024-10-17 23:00:00,"249,3815417169458","605,5",4,3,2024-10-17
2024-10-18 00:00:00,"234,60623995310914","617,210022",4,3,2024-10-18
2024-10-18 01:00:00,"232,896537470465","588,190002",4,3,2024-10-18
2024-10-18 02:00:00,"236,09251491996895","605,72998",4,3,2024-10-18
2024-10-18 03:00:00,"238,50859891082473","629,22998",4,3,2024-10-18
2024-10-18 04:00:00,"248,7841757005945","737,780029",4,3,2024-10-18
2024-10-18 05:00:00,"458,0592409674353","1117,449951",4,3,2024-10-18
2024-10-18 06:00:00,"590,2463840346899","1165,640015",4,3,2024-10-18
2024-10-18 07:00:00,"567,596742839224","828,130005",4,3,2024-10-18
2024-10-18 08:00:00,"462,8840375642576","714,429993",4,3,2024-10-18
2024-10-18 09:00:00,"378,7116021693015","636,390015",4,3,2024-10-18
2024-10-18 10:00:00,"278,87547123241274","618,929993",4,3,2024-10-18
2024-10-18 11:00:00,"271,98546962978963","598,340027",4,3,2024-10-18
2024-10-18 12:00:00,"274,35778534808355","605,72998",4,3,2024-10-18
2024-10-18 13:00:00,"279,0065842965019","629,22998",4,3,2024-10-18
2024-10-18 14:00:00,"289,34694504947413","770,599976",4,3,2024-10-18
2024-10-18 15:00:00,"308,6493993254623","997,26001",4,3,2024-10-18
2024-10-18 16:00:00,"428,1555854786362","1352,459961",4,3,2024-10-18
2024-10-18 17:00:00,"588,5307570478491","1063,72998",4,3,2024-10-18
2024-10-18 18:00:00,"637,642197828462","770,309998",4,3,2024-10-18
2024-10-18 19:00:00,"571,4096045605896","722,409973",4,3,2024-10-18
2024-10-18 20:00:00,"553,0497715087075","695,77002",4,3,2024-10-18
2024-10-18 21:00:00,"485,7247117666588","638,179993",4,3,2024-10-18
2024-10-18 22:00:00,"453,33765022408033","649,27002",4,3,2024-10-18
2024-10-18 23:00:00,"408,9253336672625","619,210022",4,3,2024-10-18
2024-10-19 00:00:00,"281,6795960946","595,940002",4,3,2024-10-19
2024-10-19 01:00:00,"269,8184482850463","561,27002",4,3,2024-10-19
2024-10-19 02:00:00,"265,41753019073764","565,809998",4,3,2024-10-19
2024-10-19 03:00:00,"266,2970467166283","572,530029",4,3,2024-10-19
2024-10-19 04:00:00,"277,1265191307821","596,619995",4,3,2024-10-19
2024-10-19 05:00:00,"306,3495574734461","685,440002",4,3,2024-10-19
2024-10-19 06:00:00,"311,266212183717","668,659973",4,3,2024-10-19
2024-10-19 07:00:00,"286,60062586013714","630,919983",4,3,2024-10-19
2024-10-19 08:00:00,"264,2024768341277","587,669983",4,3,2024-10-19
2024-10-19 09:00:00,"234,43497728724844","546,799988",4,3,2024-10-19
2024-10-19 10:00:00,"175,9510027799422","493,399994",4,3,2024-10-19
2024-10-19 11:00:00,"132,74335535194666","454,619995",4,3,2024-10-19
2024-10-19 12:00:00,"132,7983666977569","476,470001",4,3,2024-10-19
2024-10-19 13:00:00,"157,57565580124094","589,679993",4,3,2024-10-19
2024-10-19 14:00:00,"245,56489598403405","731,52002",4,3,2024-10-19
2024-10-19 15:00:00,"306,10430320757825","813,929993",4,3,2024-10-19
2024-10-19 16:00:00,"319,25494242824016","1012,900024",4,3,2024-10-19
2024-10-19 17:00:00,"322,2929314825683","886,940002",4,3,2024-10-19
2024-10-19 18:00:00,"316,06636949659287","721,900024",4,3,2024-10-19
2024-10-19 19:00:00,"314,9269117898355","672,530029",4,3,2024-10-19
2024-10-19 20:00:00,"309,3074656038779","625,179993",4,3,2024-10-19
2024-10-19 21:00:00,"294,945472919045","546,869995",4,3,2024-10-19
2024-10-19 22:00:00,"226,01904571885603","403,059998",4,3,2024-10-19
2024-10-19 23:00:00,"221,23431617692273","409,470001",4,3,2024-10-19
2024-10-20 00:00:00,"224,31600813845284","407,079987",4,3,2024-10-20
2024-10-20 01:00:00,"222,46795988229323","417,0",4,3,2024-10-20
2024-10-20 02:00:00,"230,82229119833704","444,450012",4,3,2024-10-20
2024-10-20 03:00:00,"232,41400089328238","241,880005",4,3,2024-10-20
2024-10-20 04:00:00,"233,88651765724526","240,389999",4,3,2024-10-20
2024-10-20 05:00:00,"246,12195433972207","291,329987",4,3,2024-10-20
2024-10-20 06:00:00,"265,1272065930651","359,950012",4,3,2024-10-20
2024-10-20 07:00:00,"221,89443756449552","341,230011",4,3,2024-10-20
2024-10-20 08:00:00,"89,63990009857663","47,509998",4,3,2024-10-20
2024-10-20 09:00:00,"45,51678333647638","0,6",4,3,2024-10-20
2024-10-20 10:00:00,"12,15306129349128","0,0",4,3,2024-10-20
2024-10-20 11:00:00,"1,2443054566799758","-7,31",4,3,2024-10-20
2024-10-20 12:00:00,"-6,861886949043679","-14,99",4,3,2024-10-20
2024-10-20 13:00:00,"-9,117658161246087","0,0",4,3,2024-10-20
2024-10-20 14:00:00,"183,88912752773246","38,040001",4,3,2024-10-20
2024-10-20 15:00:00,"283,97441519169104","413,570007",4,3,2024-10-20
2024-10-20 16:00:00,"318,3036291630353","318,25",4,3,2024-10-20
2024-10-20 17:00:00,"335,2159998516829","268,950012",4,3,2024-10-20
2024-10-20 18:00:00,"328,0055887020867","252,919998",4,3,2024-10-20
2024-10-20 19:00:00,"316,04617727623327","156,259995",4,3,2024-10-20
2024-10-20 20:00:00,"315,39917970979843","90,620003",4,3,2024-10-20
2024-10-20 21:00:00,"296,18320002638467","14,39",4,3,2024-10-20
2024-10-20 22:00:00,"226,72207804082873","-0,75",4,3,2024-10-20
2024-10-20 23:00:00,"197,05061812549192","-0,75",4,3,2024-10-20
2024-10-21 00:00:00,"160,810059636938","-1,04",4,4,2024-10-21
2024-10-21 01:00:00,"163,79923628087997","-0,6",4,4,2024-10-21
2024-10-21 02:00:00,"193,5820140197173","-0,3",4,4,2024-10-21
2024-10-21 03:00:00,"259,94676657823254","24,24",4,4,2024-10-21
2024-10-21 04:00:00,"419,37698251601796","32,59",4,4,2024-10-21
2024-10-21 05:00:00,"558,5124437429822","301,170013",4,4,2024-10-21
2024-10-21 06:00:00,"575,601789583679","292,070007",4,4,2024-10-21
2024-10-21 07:00:00,"485,38733577413944","240,160004",4,4,2024-10-21
2024-10-21 08:00:00,"462,57720486529365","215,399994",4,4,2024-10-21
2024-10-21 09:00:00,"413,95580162109","208,690002",4,4,2024-10-21
2024-10-21 10:00:00,"332,49434010410556","188,479996",4,4,2024-10-21
2024-10-21 11:00:00,"289,15537361106004","209,729996",4,4,2024-10-21
2024-10-21 12:00:00,"286,00410397401595","168,710007",4,4,2024-10-21
2024-10-21 13:00:00,"322,5046214125414","434,609985",4,4,2024-10-21
2024-10-21 14:00:00,"451,1699577638734","670,289978",4,4,2024-10-21
2024-10-21 15:00:00,"505,3862129427996","969,900024",4,4,2024-10-21
2024-10-21 16:00:00,"852,1712047916874","1582,319946",4,4,2024-10-21
2024-10-21 17:00:00,"881,1495556455234","1404,810059",4,4,2024-10-21
2024-10-21 18:00:00,"769,2380943118812","957,969971",4,4,2024-10-21
2024-10-21 19:00:00,"584,631091194024","750,320007",4,4,2024-10-21
2024-10-21 20:00:00,"499,98768949275336","729,440002",4,4,2024-10-21
2024-10-21 21:00:00,"453,0278009285284","693,419983",4,4,2024-10-21
2024-10-21 22:00:00,"407,8325148566384","666,929993",4,4,2024-10-21
2024-10-21 23:00:00,"256,1559144169475","652,76001",4,4,2024-10-21
2024-10-22 00:00:00,"242,69743744571323","639,109985",4,4,2024-10-22
2024-10-22 01:00:00,"239,1973365644916","623,52002",4,4,2024-10-22
2024-10-22 02:00:00,"247,2766037937261","619,190002",4,4,2024-10-22
2024-10-22 03:00:00,"286,5147611949935","641,419983",4,4,2024-10-22
2024-10-22 04:00:00,"319,3184352580527","731,960022",4,4,2024-10-22
2024-10-22 05:00:00,"643,3746012551214","1118,76001",4,4,2024-10-22
2024-10-22 06:00:00,"725,8157972141667","1215,27002",4,4,2024-10-22
2024-10-22 07:00:00,"710,0524380921172","846,080017",4,4,2024-10-22
2024-10-22 08:00:00,"599,1118648131364","736,809998",4,4,2024-10-22
2024-10-22 09:00:00,"556,5473048743157","639,109985",4,4,2024-10-22
2024-10-22 10:00:00,"501,53824627528854","246,720001",4,4,2024-10-22
2024-10-22 11:00:00,"464,1156283130478","232,550003",4,4,2024-10-22
2024-10-22 12:00:00,"444,3460593230509","225,539993",4,4,2024-10-22
2024-10-22 13:00:00,"435,48506573654123","229,789993",4,4,2024-10-22
2024-10-22 14:00:00,"449,94402391364196","263,130005",4,4,2024-10-22
2024-10-22 15:00:00,"441,2621009303867","759,109985",4,4,2024-10-22
2024-10-22 16:00:00,"517,0760189846521","1043,579956",4,4,2024-10-22
2024-10-22 17:00:00,"450,95135081239073","1176,560059",4,4,2024-10-22
2024-10-22 18:00:00,"419,9494643558002","850,400024",4,4,2024-10-22
2024-10-22 19:00:00,"400,5243583371029","697,72998",4,4,2024-10-22
2024-10-22 20:00:00,"323,5971581689317","713,919983",4,4,2024-10-22
2024-10-22 21:00:00,"300,1590611113972","658,950012",4,4,2024-10-22
2024-10-22 22:00:00,"279,31359655934585","602,789978",4,4,2024-10-22
2024-10-22 23:00:00,"255,40716189458115","620,690002",4,4,2024-10-22
2024-10-23 00:00:00,"246,03613785501304","611,669983",4,4,2024-10-23
2024-10-23 01:00:00,"234,7489445484741","620,539978",4,4,2024-10-23
2024-10-23 02:00:00,"245,69043570080976","639,859985",4,4,2024-10-23
2024-10-23 03:00:00,"259,10181592849693","675,950012",4,4,2024-10-23
2024-10-23 04:00:00,"329,3452624899027","780,950012",4,4,2024-10-23
2024-10-23 05:00:00,"437,59799484878863","1025,329956",4,4,2024-10-23
2024-10-23 06:00:00,"558,8012677631436","1205,72998",4,4,2024-10-23
2024-10-23 07:00:00,"576,1632587098117","957,690002",4,4,2024-10-23
2024-10-23 08:00:00,"486,6978132397789","776,330017",4,4,2024-10-23
2024-10-23 09:00:00,"416,2118365599437","693,700012",4,4,2024-10-23
2024-10-23 10:00:00,"327,8554245123565","600,929993",4,4,2024-10-23
2024-10-23 11:00:00,"248,49627572184573","574,75",4,4,2024-10-23
2024-10-23 12:00:00,"234,52333008190416","562,450012",4,4,2024-10-23
2024-10-23 13:00:00,"268,3207893193466","657,830017",4,4,2024-10-23
2024-10-23 14:00:00,"314,513792421226","696,22998",4,4,2024-10-23
2024-10-23 15:00:00,"376,44389418599405","1009,669983",4,4,2024-10-23
2024-10-23 16:00:00,"389,87128592905674","1428,859985",4,4,2024-10-23
2024-10-23 17:00:00,"350,9938301394337","1312,52002",4,4,2024-10-23
2024-10-23 18:00:00,"329,9061367079114","833,080017",4,4,2024-10-23
2024-10-23 19:00:00,"321,840403767304","754,849976",4,4,2024-10-23
2024-10-23 20:00:00,"308,43418211964075","767,599976",4,4,2024-10-23
2024-10-23 21:00:00,"300,283421854149","694,73999",4,4,2024-10-23
2024-10-23 22:00:00,"277,29442093594963","647,059998",4,4,2024-10-23
2024-10-23 23:00:00,"263,6518741687759","597,460022",4,4,2024-10-23
2024-10-24 00:00:00,"247,50699845388556","582,469971",4,4,2024-10-24
2024-10-24 01:00:00,"216,65071708161483","564,349976",4,4,2024-10-24
2024-10-24 02:00:00,"222,3906009373776","532,200012",4,4,2024-10-24
2024-10-24 03:00:00,"273,2224576840257","597,909973",4,4,2024-10-24
2024-10-24 04:00:00,"325,8158487081213","748,409973",4,4,2024-10-24
2024-10-24 05:00:00,"412,4226746366935","1057,98999",4,4,2024-10-24
2024-10-24 06:00:00,"435,87328750639784","1233,47998",4,4,2024-10-24
2024-10-24 07:00:00,"469,054983998937","874,820007",4,4,2024-10-24
2024-10-24 08:00:00,"450,16658848084097","760,049988",4,4,2024-10-24
2024-10-24 09:00:00,"378,17073229604813","693,969971",4,4,2024-10-24
2024-10-24 10:00:00,"282,53905473674627","626,169983",4,4,2024-10-24
2024-10-24 11:00:00,"222,82868206403666","590,299988",4,4,2024-10-24
2024-10-24 12:00:00,"255,68574646898915","607,900024",4,4,2024-10-24
2024-10-24 13:00:00,"312,6213042910203","713,72998",4,4,2024-10-24
2024-10-24 14:00:00,"319,2117009998023","809,869995",4,4,2024-10-24
2024-10-24 15:00:00,"319,13721264183073","921,659973",4,4,2024-10-24
2024-10-24 16:00:00,"365,3587765730627","1034,430054",4,4,2024-10-24
2024-10-24 17:00:00,"383,8249073465442","851,630005",4,4,2024-10-24
2024-10-24 18:00:00,"384,95388082624254","720,52002",4,4,2024-10-24
2024-10-24 19:00:00,"321,9909142311797","698,369995",4,4,2024-10-24
2024-10-24 20:00:00,"303,32553850890366","670,47998",4,4,2024-10-24
2024-10-24 21:00:00,"300,2581303609326","623,559998",4,4,2024-10-24
2024-10-24 22:00:00,"297,70512181401585","615,460022",4,4,2024-10-24
2024-10-24 23:00:00,"297,4481933491559","612,25",4,4,2024-10-24
2024-10-25 00:00:00,"311,1993174492673","594,48999",4,4,2024-10-25
2024-10-25 01:00:00,"317,6454452692302","616,200012",4,4,2024-10-25
2024-10-25 02:00:00,"321,7357870297825","630,150024",4,4,2024-10-25
2024-10-25 03:00:00,"321,87988688227114","705,650024",4,4,2024-10-25
2024-10-25 04:00:00,"337,30480881636606","812,700012",4,4,2024-10-25
2024-10-25 05:00:00,"476,09089896945426","923,190002",4,4,2024-10-25
2024-10-25 06:00:00,"602,5253090903732","1123,410034",4,4,2024-10-25
2024-10-25 07:00:00,"633,314471569295","913,340027",4,4,2024-10-25
2024-10-25 08:00:00,"655,8767456870014","806,809998",4,4,2024-10-25
2024-10-25 09:00:00,"588,0846601990987","700,5",4,4,2024-10-25
2024-10-25 10:00:00,"534,479092862935","604,859985",4,4,2024-10-25
2024-10-25 11:00:00,"490,3877461895564","583,22998",4,4,2024-10-25
2024-10-25 12:00:00,"508,49245319463074","615,22998",4,4,2024-10-25
2024-10-25 13:00:00,"544,6059345583278","741,01001",4,4,2024-10-25
2024-10-25 14:00:00,"617,6880749489827","880,51001",4,4,2024-10-25
2024-10-25 15:00:00,"708,597041469825","1184,140015",4,4,2024-10-25
2024-10-25 16:00:00,"754,7934873665124","1695,829956",4,4,2024-10-25
2024-10-25 17:00:00,"740,7855947084291","1379,0",4,4,2024-10-25
2024-10-25 18:00:00,"728,4850947252462","924,01001",4,4,2024-10-25
2024-10-25 19:00:00,"722,8156217906662","867,530029",4,4,2024-10-25
2024-10-25 20:00:00,"719,3280594351563","850,150024",4,4,2024-10-25
2024-10-25 21:00:00,"637,1379158847535","801,210022",4,4,2024-10-25
2024-10-25 22:00:00,"635,6032602921933","860,150024",4,4,2024-10-25
2024-10-25 23:00:00,"580,1628410840451","818,0",4,4,2024-10-25
2024-10-26 00:00:00,"567,6436327867633","797,929993",4,4,2024-10-26
2024-10-26 01:00:00,"549,916683667749","804,200012",4,4,2024-10-26
2024-10-26 02:00:00,"550,5015623571795","788,599976",4,4,2024-10-26
2024-10-26 03:00:00,"552,5058018989303","796,960022",4,4,2024-10-26
2024-10-26 04:00:00,"575,3466417732147","850,0",4,4,2024-10-26
2024-10-26 05:00:00,"609,5875513373024","937,890015",4,4,2024-10-26
2024-10-26 06:00:00,"603,2234192247848","940,059998",4,4,2024-10-26
2024-10-26 07:00:00,"562,4857088499227","877,159973",4,4,2024-10-26
2024-10-26 08:00:00,"475,51198566992673","756,450012",4,4,2024-10-26
2024-10-26 09:00:00,"431,35041938155854","607,900024",4,4,2024-10-26
2024-10-26 10:00:00,"338,2979022470992","509,940002",4,4,2024-10-26
2024-10-26 11:00:00,"263,4547480389248","472,269989",4,4,2024-10-26
2024-10-26 12:00:00,"286,06097572359334","481,589996",4,4,2024-10-26
2024-10-26 13:00:00,"305,1161358378861","607,599976",4,4,2024-10-26
2024-10-26 14:00:00,"318,2504431679154","750,549988",4,4,2024-10-26
2024-10-26 15:00:00,"333,9307499010496","938,039978",4,4,2024-10-26
2024-10-26 16:00:00,"354,4520441348301","1125,829956",4,4,2024-10-26
2024-10-26 17:00:00,"342,7090672521367","885,890015",4,4,2024-10-26
2024-10-26 18:00:00,"328,5536476180805","719,809998",4,4,2024-10-26
2024-10-26 19:00:00,"316,6654013110916","662,219971",4,4,2024-10-26
2024-10-26 20:00:00,"301,99925342210463","652,820007",4,4,2024-10-26
2024-10-26 21:00:00,"279,35741478923745","571,719971",4,4,2024-10-26
2024-10-26 22:00:00,"220,81238647025512","688,119995",4,4,2024-10-26
2024-10-26 23:00:00,"218,07363895147594","626,780029",4,4,2024-10-26
2024-10-27 00:00:00,"221,47851547863905","613,570007",4,4,2024-10-27
2024-10-27 01:00:00,"218,0816186779751","600,140015",4,4,2024-10-27
2024-10-27 02:00:00,"224,58195783807005","592,530029",4,4,2024-10-27
2024-10-27 03:00:00,"221,48290496788454","587,900024",4,4,2024-10-27
2024-10-27 04:00:00,"204,52093577857428","635,289978",4,4,2024-10-27
2024-10-27 05:00:00,"223,89323574295423","665,659973",4,4,2024-10-27
2024-10-27 06:00:00,"240,9181790512572","657,0",4,4,2024-10-27
2024-10-27 07:00:00,"223,88417406922","629,320007",4,4,2024-10-27
2024-10-27 08:00:00,"101,1585662244037","496,049988",4,4,2024-10-27
2024-10-27 09:00:00,"44,361625893651855","408,299988",4,4,2024-10-27
2024-10-27 10:00:00,"6,892307779685425","317,119995",4,4,2024-10-27
2024-10-27 11:00:00,"-6,137451767468005","298,390015",4,4,2024-10-27
2024-10-27 12:00:00,"-31,213711486743424","298,470001",4,4,2024-10-27
2024-10-27 13:00:00,"-9,82652487970471","480,01001",4,4,2024-10-27
2024-10-27 14:00:00,"144,76749849404712","753,109985",4,4,2024-10-27
2024-10-27 15:00:00,"207,0096720274191","878,97998",4,4,2024-10-27
2024-10-27 16:00:00,"300,3669625146418","1106,569946",4,4,2024-10-27
2024-10-27 17:00:00,"307,004244169748","1087,23999",4,4,2024-10-27
2024-10-27 18:00:00,"301,00031304341957","973,52002",4,4,2024-10-27
2024-10-27 19:00:00,"274,5438828142073","881,299988",4,4,2024-10-27
2024-10-27 20:00:00,"253,28488970752917","831,159973",4,4,2024-10-27
2024-10-27 21:00:00,"214,48219708196748","820,48999",4,4,2024-10-27
2024-10-27 22:00:00,"169,95292909942157","651,109985",4,4,2024-10-27
2024-10-27 23:00:00,"162,5122881555417","713,340027",4,4,2024-10-27
